7 1 7 -2 5 2 3 5 41 62
4 -5 -5 -5 -4 13 57
3 6 -7 3 4 93
3 -1 8 -5 30 76
6 -2 10 0 3 -3 9 40 76
6 -4 -2 -4 10 2 -1 35 84
3 0 -10 9 12 51
3 3 -3 -8 8 51
7 -6 0 10 -9 -6 -8 3 6 67
3 -3 10 -6 32 81
4 -2 -10 -2 4 21 55
3 -5 -8 3 27 82
5 -10 -2 4 4 4 3 65
7 -3 10 -8 5 0 1 8 44 71
7 10 -3 2 10 4 8 -3 23 50
3 -3 0 4 44 96
8 -2 -6 8 7 -1 9 -9 -7 29 83
3 10 10 -6 28 82
5 4 9 -3 -4 9 41 83
5 -5 2 10 -9 10 41 78
3 4 1 5 45 74
4 -10 8 -6 -10 27 80
8 -9 10 -2 1 -1 2 -7 -1 28 68
8 4 3 4 5 4 -5 -1 -4 21 97
8 10 -2 -7 1 -9 -2 4 9 26 50
7 -1 -10 8 7 -9 0 5 19 85
3 -5 6 -8 0 64
7 -9 8 -8 -7 3 -2 0 3 52
6 3 9 3 -10 0 -6 5 50
3 -5 5 -10 22 84
8 -5 4 7 7 -2 -1 -7 -1 20 63
5 -6 7 1 9 -3 20 83
6 -3 8 -9 6 -10 -7 21 94
8 -5 7 8 -8 0 -8 3 0 46 72
5 -3 2 7 -3 4 46 75
3 1 -5 4 41 97
3 9 -9 6 4 86
3 7 5 2 25 71
3 9 -2 -10 30 83
7 -5 -7 -7 10 -1 -4 -7 5 91
5 2 0 6 -10 -9 40 65
8 -5 6 -8 -7 6 -7 2 -9 11 70
6 8 6 -6 2 -8 -9 19 95
3 10 9 4 30 81
8 1 -3 10 7 4 -5 2 9 25 60
4 1 -7 8 5 40 66
7 -6 -8 -2 2 0 8 -6 4 92
4 -2 10 -4 6 43 90
4 6 9 -6 2 2 82
5 5 9 -6 -2 9 47 55
8 -2 8 0 1 -8 10 -2 -3 28 68
5 10 8 -3 -8 7 7 86
8 -7 10 0 -5 10 5 -9 -6 1 99
8 -10 10 -7 8 9 1 -3 -7 8 85
7 10 3 -9 2 4 9 -2 32 66
6 -4 2 1 9 2 6 49 81
4 -9 5 -1 2 37 85
6 0 -2 -9 7 -8 -1 45 71
8 10 -9 0 3 5 5 -2 -4 13 75
3 5 -3 -7 4 94
3 10 -4 7 23 54
5 10 8 -3 7 3 6 73
8 7 6 -1 -1 10 1 -2 -1 43 78
7 -1 -9 5 -3 -1 -5 -2 13 58
6 1 -4 -9 3 3 -1 34 73
4 6 5 -1 10 14 84
3 -3 -10 1 33 85
7 -5 4 10 10 6 10 -10 13 78
8 -5 8 9 1 3 7 -1 -3 39 84
5 9 -3 -4 -6 2 30 85
3 0 0 6 6 66
3 -6 5 -4 33 95
4 3 -4 -9 4 37 56
3 0 -6 1 43 99
6 -2 7 9 -1 6 -6 48 57
8 -1 9 -6 2 -8 1 9 1 32 76
4 -4 -7 -9 -4 35 71
7 -9 -1 2 -3 6 -2 0 43 81
8 1 -9 -3 -5 1 -2 10 -1 27 76
3 -10 -5 9 14 88
3 -5 8 -5 37 52
7 -8 -5 8 -7 3 -1 1 32 69
4 -7 4 8 9 49 99
5 -3 9 2 6 -5 20 95
7 7 9 8 -5 9 2 -5 26 62
4 -8 -2 8 8 33 60
5 2 3 7 9 -5 44 79
3 4 -1 6 4 51
3 3 -5 1 22 66
5 2 -5 -7 10 2 29 60
6 -1 9 -2 -8 2 -10 25 64
4 0 10 4 -1 18 94
3 6 -2 2 35 92
4 -3 0 7 10 18 74
3 6 -8 -9 20 66
8 -9 -10 2 0 3 -8 -8 1 30 58
5 -4 7 -9 -1 4 37 66
3 6 2 1 9 61
3 6 10 -6 7 64
4 1 -10 0 -10 4 63
6 10 8 4 10 3 9 9 90
5 3 9 7 -10 -1 12 66
4 8 2 -9 4 16 95
3 -10 -7 7 1 98
3 -5 6 -1 24 85
4 5 5 0 -6 44 99
3 -1 2 1 28 65
7 8 3 -6 4 4 -7 0 31 54
8 -2 -8 -5 3 -9 9 -9 1 20 60
6 -6 -2 9 9 -6 4 9 75
7 -6 4 -3 1 -5 -3 -5 15 56
7 1 10 7 1 -3 7 2 0 84
5 10 0 -9 9 3 3 76
3 0 4 9 47 87
6 -9 -4 0 1 1 8 23 98
8 5 -10 0 -10 -1 9 -5 -4 20 63
4 9 -3 9 -7 23 72
6 -7 3 -2 1 -5 2 19 87
6 -8 -5 -1 10 -1 7 19 50
5 0 -2 -2 -2 -4 17 50
4 5 -7 2 1 9 77
6 9 -10 -1 -2 10 -2 30 53
8 1 3 -4 4 -5 1 1 -10 17 76
5 2 -7 0 -9 -6 49 81
4 -5 10 5 -1 31 83
7 9 -5 8 6 10 -6 -8 27 72
5 4 7 5 3 -10 22 97
5 -7 7 -3 1 -2 49 83
7 -8 9 -3 7 6 7 -6 12 74
7 10 4 -6 -6 6 -7 -1 42 67
8 1 1 -7 7 -6 8 -1 -1 24 66
3 -4 1 5 6 52
3 -8 -7 -3 12 93
4 5 -2 0 1 42 75
6 -8 3 -3 6 -4 1 12 85
8 -7 -10 -8 1 -2 -10 -6 2 47 79
6 -6 -5 -1 6 3 2 35 92
7 -3 4 -6 -3 -1 4 5 32 55
8 0 5 8 1 -4 -1 1 3 0 53
3 -8 5 4 1 76
8 3 -2 8 3 -8 7 8 -8 42 52
4 -10 3 -3 8 24 50
4 -6 -1 1 0 25 85
4 7 -7 -3 -6 4 73
4 7 3 -2 -8 40 90
4 -10 6 2 3 18 55
8 4 -2 0 9 4 3 -2 1 43 90
7 4 -2 0 10 -4 9 3 6 71
4 -3 5 -1 -10 22 57
5 8 -9 -2 5 1 33 66
4 3 3 7 5 44 76
4 0 -4 7 -5 45 54
4 -6 -8 10 -6 24 71
8 -8 -10 -4 0 -1 -8 -7 -9 15 96
5 4 -9 -3 1 -8 44 70
6 -6 -3 -1 2 -10 7 26 82
8 -6 -8 -10 5 -10 4 2 0 27 83
4 -1 -4 10 -1 14 59
5 -1 -2 -9 -8 -8 3 52
3 9 1 0 6 97
4 4 0 -9 4 16 68
7 -1 -5 3 2 0 -8 5 7 60
5 10 -10 -3 -3 4 16 68
8 8 8 -5 5 -1 9 -6 8 43 56
6 -9 -8 5 0 4 -5 5 90
3 2 0 -1 45 82
6 7 -9 3 9 1 -10 42 70
6 8 7 -3 2 -4 4 19 60
3 0 -9 0 16 88
4 -6 1 -7 -3 49 97
4 0 4 9 0 14 57
4 2 1 -8 2 14 54
5 9 -4 4 -1 4 49 58
3 -10 -6 -8 48 56
7 -8 6 1 -5 7 9 5 19 84
5 4 7 2 -4 -1 16 84
5 1 1 0 10 -2 40 95
3 -2 -4 3 3 98
8 9 -2 -1 7 -10 -6 0 1 2 90
4 -9 1 7 -2 23 76
3 4 -10 9 25 60
8 -2 -5 -5 0 7 1 4 5 17 90
5 -7 -8 1 -6 -10 48 79
4 -3 -3 -3 -8 27 91
6 10 -4 -6 7 -5 6 28 57
5 -7 -5 0 -8 10 46 85
3 -8 3 -4 2 82
7 -1 3 4 4 0 6 6 33 65
7 4 5 -4 -8 -5 4 5 26 52
5 0 5 9 -3 4 10 52
4 -6 7 8 -8 42 98
7 7 10 -9 9 -3 -8 8 9 67
3 -8 10 5 45 60
7 -9 -7 -9 5 -1 -8 2 42 99
8 -9 -10 -7 7 8 9 -4 -6 30 57
6 -2 1 -7 -3 -9 7 23 77
6 -10 10 0 2 -1 10 14 76
6 -6 -1 -10 6 -7 1 17 55
4 -9 5 6 -9 43 73
6 -9 -2 -7 -3 -1 -3 35 72
