7.7061 5.4804
9.1195 3.7892
4.4502 6.1632
2.8207 3.6727
3.5417 4.6081
3.6105 6.6702
2.8756 7.7374
5.0718 8.7576
5.7759 2.4358
5.5963 8.9735
2.241 6.0916
2.2271 8.4668
4.954 3.6992
3.2969 2.7925
6.2345 2.284
1.8526 4.6488
1.2195 8.0824
4.5547 5.5334
8.0843 5.8163
9.3338 7.3386
1.0377 8.5722
7.5959 4.6931
9.1627 7.2042
5.1751 3.8966
9.9097 3.8462
7.553 8.5846
9.1978 9.0343
7.0859 9.7972
6.6278 4.1001
9.1111 4.9164
4.2727 3.9146
3.841 7.9754
3.8728 3.7225
8.8927 7.132
4.0341 5.7238
9.1549 9.6367
5.2048 8.2208
3.4425 2.4167
9.7893 2.5661
9.0562 7.4357
3.7466 4.8067
8.9269 9.2758
5.4154 5.8387
1.5023 9.932
8.1127 8.0462
8.9106 6.593
6.2568 3.8161
5.2222 4.227
2.3828 9.9809
9.8248 2.0737
6.4379 6.1596
7.0242 7.69
1.1712 2.1268
7.9877 5.9793
9.265 7.7575
8.0596 3.6782
3.0939 6.7569
7.2944 6.0602
3.645 6.3008
7.778 6.1579
8.182 8.8731
3.9357 9.5917
3.6954 2.004
9.5637 4.1331
6.0448 2.2754
9.7614 4.4212
9.9713 5.8734
8.2918 2.7869
5.8307 5.1326
8.1511 4.9314
4.9868 4.9317
3.2915 4.243
1.2889 6.4619
8.505 6.8258
7.9546 2.805
1.4552 4.8527
9.4819 6.9238
7.7179 4.6444
8.9206 8.0766
4.4818 7.9148
8.9485 7.3379
2.2514 3.9134
9.719 4.816
3.4924 4.7324
1.3703 8.326
7.6656 9.8371
5.4246 5.6885
6.5066 6.9161
9.0401 6.4894
8.7242 8.4376
3.2262 2.0509
9.5175 6.8367
2.685 6.5254
8.4367 6.048
6.8982 3.4413
4.1544 9.1359
8.4437 6.6909
4.651 3.0664
5.297 8.8672
9.171 6.1998
6.0491 5.0175
4.0589 3.8761
5.5552 2.2997
7.2465 4.5022
6.5174 3.6861
5.7284 6.8386
9.9025 2.7796
3.8398 2.7241
6.8937 6.9657
5.526 8.2654
8.2872 9.5414
4.0837 8.555
7.8559 2.1244
3.0426 8.2757
7.2243 4.5613
2.9576 7.0824
3.2263 2.7163
3.885 8.4451
9.5468 8.9365
5.227 3.6764
5.6935 3.6541
3.4483 9.1517
5.9847 7.5006
3.8887 2.2751
4.2936 3.4696
3.5304 8.5272
5.7491 6.0824
1.1087 5.9765
3.4524 3.1718
7.4036 6.9173
9.5457 7.8144
4.8928 8.8448
7.6395 5.1071
4.2055 6.7592
1.694 8.8956
8.9762 5.8355
6.9345 5.2277
9.7629 7.7815
4.2787 4.2179
1.6724 9.7467
3.0566 6.1755
8.2114 7.4335
4.5075 3.259
6.668 2.1024
9.6583 8.5873
1.0257 2.4493
9.7029 2.6504
8.0025 2.8747
7.9333 4.0265
3.3214 5.4535
9.6023 7.826
9.7215 5.9497
2.8405 2.9497
9.5436 4.5152
5.893 6.1572
5.9413 9.245
3.4944 5.1125
6.9044 3.5551
1.1581 3.981
8.3127 2.3842
5.5217 5.8217
9.1835 3.5135
3.6575 9.9281
1.1238 8.8344
1.4372 5.4397
4.754 2.1849
7.6221 8.9555
2.5281 9.4143
2.3369 7.5483
2.9481 4.6246
9.9852 5.4919
7.6376 8.0764
2.4616 9.1762
5.1249 6.0351
9.7277 8.1007
5.4688 6.8736
9.4302 4.4994
8.0537 7.0373
1.2624 6.0672
2.9797 3.0123
4.1945 9.4172
5.4768 3.2334
2.534 6.3169
9.6861 2.9008
3.0148 4.4132
9.9644 4.9677
7.7591 9.0698
1.5962 2.0992
9.0093 7.1059
2.4248 9.1908
8.984 2.6385
2.45 2.0752
3.0763 7.895
6.8839 7.3346
7.8843 3.7755
8.5041 8.6743
9.2399 8.111
4.3969 3.1039
4.4829 3.9754
7.3485 7.2092
