1486002338 1904592637
1418488855 1904592637
651938886 624395832
1961117916 1904592637
812507355 1104914558
1336788755 1905760487
762278504 445756268
481212993 1959429891
1155556246 1196420987
251707457 1847580999
481212993 1486002338
1096034954 481212993
1104914558 1904592637
481212993 1096034954
1281963033 1096003795
1714366938 1281963033
358142372 1889095923
1889095923 678762498
290493825 1847580999
651938886 1336788755
1250900802 1685011195
1714366938 358142372
1959429891 694603118
678762498 1194079921
572951588 1989178471
251707457 673376370
1889095923 759460241
1171262518 812507355
572951588 1904592637
812507355 1904592637
1847580999 1904592637
725041074 1904592637
1418488855 1460171142
258642127 1882222604
673376370 1194079921
1250900802 1904592637
1096034954 1155556246
1486002338 759460241
1155556246 1904592637
762278504 812507355
1287949660 1904592637
1287949660 1486002338
762278504 1685011195
555160509 1904592637
694603118 759460241
555160509 725041074
1989178471 1281963033
1961117916 1250900802
555160509 1847580999
1881007618 122154014
1820470054 1418488855
1881007618 1096003795
1871554795 1418488855
1336788755 1904592637
1486002338 1418488855
624395832 1281963033
762278504 1096034954
1714366938 1889095923
1281963033 1904592637
481212993 1196420987
1171262518 122154014
1714366938 678762498
1961117916 1281963033
624395832 572951588
251707457 17506541
759460241 1104914558
310417576 1196420987
1889095923 812507355
1889095923 477009887
1196420987 555160509
1882222604 678762498
17506541 1904592637
1871554795 310417576
1104914558 1418488855
572951588 1194079921
481212993 358142372
1155556246 17506541
1989178471 1287949660
555160509 651938886
1576635562 1905760487
1171262518 258642127
1820470054 1904592637
1889095923 1904592637
477009887 678762498
1460171142 1904592637
1171262518 1904592637
1961117916 1155556246
673376370 1336788755
251707457 358142372
1155556246 1959429891
762278504 481212993
481212993 1194079921
1820470054 1096003795
1155556246 1096003795
1685011195 1904592637
762278504 1096003795
477009887 1904592637
1576635562 555160509
1871554795 22510925
1281963033 651938886
1104914558 1882222604
1882222604 1959429891
1820470054 678762498
1961117916 1820470054
294846513 1904592637
624395832 1904592637
258642127 1486002338
290493825 1959429891
651938886 477009887
1576635562 1904592637
1336788755 624395832
17506541 1096003795
1989178471 1171262518
673376370 477009887
762278504 673376370
1989178471 445756268
290493825 1194079921
1104914558 258642127
1418488855 1714366938
1714366938 1904592637
310417576 1904592637
673376370 1904592637
1871554795 1904592637
1196420987 812507355
1685011195 445756268
812507355 1196420987
624395832 1418488855
1576635562 1714366938
624395832 445756268
1194079921 1904592637
725041074 762278504
294846513 1905760487
694603118 673376370
1336788755 1196420987
1881007618 1904592637
759460241 1904592637
1847580999 1250900802
1104914558 1576635562
481212993 1904592637
678762498 1904592637
1685011195 694603118
290493825 651938886
1881007618 1287949660
1486002338 1882222604
1196420987 1336788755
555160509 310417576
1685011195 294846513
1714366938 1096034954
122154014 1904592637
624395832 1959429891
251707457 1336788755
1905760487 1714366938
1336788755 1576635562
1905760487 1904592637
1871554795 1959429891
22510925 1904592637
1460171142 678762498
1418488855 1281963033
1820470054 1959429891
624395832 762278504
1096034954 1904592637
290493825 1904592637
1989178471 651938886
1820470054 122154014
1871554795 624395832
1460171142 651938886
358142372 1904592637
759460241 624395832
1418488855 290493825
294846513 673376370
1486002338 1250900802
1460171142 1881007618
22510925 1882222604
725041074 1486002338
1961117916 122154014
1959429891 294846513
1820470054 651938886
1961117916 555160509
624395832 310417576
1096003795 1904592637
251707457 1904592637
1959429891 1904592637
122154014 1418488855
1336788755 555160509
694603118 1904592637
1196420987 1904592637
651938886 1904592637
122154014 673376370
445756268 1904592637
1196420987 572951588
762278504 1904592637
624395832 1847580999
258642127 1904592637
1989178471 1904592637
1989178471 1418488855
1882222604 1904592637
1989178471 1881007618
1882222604 1685011195
1196420987 310417576
1171262518 725041074
