87
697
54455564
1271744
5302
76259361
3240
304
90
343
8642698
2813
16
837
6425
19
704286
35632779
1070
53481345
27143
414
561043
7966689
3675
844
4394
94478
430
43685
7311058
193
4056
76777371
99227
1022852
311539
6930098
110723
96277
5116731
7896
3333181
43
124
500717
849
737231
20
858020
37787335
10540
8318
88
999945
24
47
223495
86853
96
8505212
466
65
6071
649
18
74725
50271
77279548
9465644
17868
7530181
244727
40390
90
873
8993
208573
3070
115
53
7970
30297
65247
1073
71
52141997
153
27
4873960
228967
95521
10440783
68
7253
8688
4206435
15
78984
961
8945
805360
4628627
1792
756
3345
840265
69518
44394
9202
89981954
18
49189171
62933
94
671352
96352
330159
84
566
55108
9819685
537147
9298
41078
928
8090120
787165
35597
6217
21542
210
569090
940124
983160
10
4162129
9129
12442978
7249
31575
74
7942604
84375836
4915508
66
7133
3643673
63660587
36892
64224320
8267230
339293
9728
54
77
217
44064
37
972
34574
4312
762078
442
331007
31346
43419
944
97145133
8956622
8656734
6741812
74600
2409787
5900
89
59124222
674203
71566
58625
60710370
7044130
29614
449
6662
463
38386234
730048
7470848
628210
224
20414991
3928
12
60
5697
213048
8583361
35674
6002
283
73689
28
273890
844240
3795821
1557
74
159224
77262
844077
7399535
96
619545
697
514
697
60
49537
45
2529172
436
31757177
323131
1455
55457292
582
90343938
990588
449292
47080
2418481
2102
7361041
40
34662882
251925
9521
393096
63357
255240
15918
781631
92006762
8946746
913
26110908
96
6621119
567408
76098632
83
1573
10026
53096710
708364
79348598
8215
56137332
6533213
42994
698
569
8523773
2340439
56673
22505815
3414
7096411
705
3767
693
574381
973420
55681
7710
77310009
996
8195
9474
203
854903
6080295
8618
37352
504266
26090911
34
3634
56491824
3962
920305
69806690
8087690
5482366
77
90
56326
5133
865
762
95579
76994
70646647
2820
2391
10093095
8200
3233335
7403190
68740
899
29697529
309074
113
430790
492995
281
5177
8993
53631
4441181
710
902
93128
944
84357654
756192
195308
3485543
9704566
1184220
7405
64999
24938
513418
74235
46
9198291
8187
475
9931339
3558
592420
659
549
450539
9579834
42875290
7258199
43
36884
9139228
195090
18664641
5620732
532
1734665
18681658
5661
54742528
34607
932
88421
473
382396
3058
85892
87
702248
77
3185483
95480
923502
784724
42
61225
30
649877
77154
1035347
6059
991729
35
24895679
61
51011
2047102
78358410
2671
412793
5899
569
857
918097
37833495
29
71
8301
8698983
624
764032
82431
234359
66
7519
309
93052328
4712640
57729
65
11262
900
9961493
6889
12133026
1072807
153930
92124
17788
686089
53255667
51187
9727385
833743
587782
40621
65828678
98315
3488504
36651
5282034
82975
66
7081728
11
77
19551
341329
924850
47290701
83
37109
54
887
3972485
6340181
3941628
8852
3723149
45
78230
98738672
500902
577289
75
6987
5737876
9832
644
91341283
66687
6972
703717
9978
3886
1577736
568052
61382
844
752
160108
79
38
5451
763350
8279427
263275
12
61432
9051462
3200682
8692
68108
4867873
630
61625
1049685
17067347
7029
22
2049046
8022091
2784780
664912
76
523
70468
887
188
4236103
201416
52911418
379510
79910
86100
9306321
73195
9427071
76711
8182214
80091
77867837
85
61331
57887
68220
13957
27237
522163
681
520
694396
89
18355812
44378975
27738536
451
9983617
3653957
28589
5233633
31842
586
58909055
73264
550
72030132
7430
783
3744317
21
1723
3501918
6601
65139
729
30
23
25938
9500
297
53483
50989
42683668
796855
156047
21
699
47
92
8455599
143434
8894569
596438
10311655
41789624
969817
9859196
29942116
892
372025
2383
8173
843034
18777516
790
98791134
46805497
506452
916212
53519
3368168
6446
2283798
68246129
634
9296047
72972323
1344
88938
72
60932268
377
11832109
46595
50452363
787
8192516
765893
453
6143
961
61868
5195562
41050
342
53061649
5793
49312
76931
3861
98710686
51225960
17138879
356
44510
704212
677467
25575
8343
7615775
134700
571
818906
9406
53360
1932
210979
8578
65827021
7887
429
75730
862870
56560337
79823
94707
24835719
6337787
67931
320801
750
623
692
853
383906
708617
2819613
5838
515925
632
15446
2894506
48
33684868
27304
8892
395803
3631
73957197
88
4163
4121814
9567627
789005
72429
807
61039
78177
725
8111882
12
35
50
8978
86939
60617
97124338
79499
674
53
656
175195
34956752
1056
9183152
98
10346932
73
6879
85948
99713322
34543275
973
5505723
6648
90399
3476
44676463
834
660264
82119
6720
32
828
7793718
14262127
43246
8808393
5054
31543931
32382
635498
942603
83564440
583732
442
49279952
8390
919
22
403
82
8154
98661
1811
2751
78925707
2200
5733995
41
50720
8244
98174
1208091
65298
2588452
5650
938406
14307
1252817
898200
80
2881
900
85511
7641142
82
77255536
42
3529856
208136
50
768
3558577
30031101
2352866
67
6558
19346607
6010784
771
135
4450597
50
3515385
320239
44
88556680
823
2885
66104
49578804
71832681
1005
835
58455335
69149
8326296
104662
197
305666
7716519
16
852671
7819641
9856
98205
7830970
311
33015
6093887
974
70544
68597
47836105
19412
18959965
677
92170
959
94839
25
4760278
6227
292846
7257
56584449
91097
409
4546443
65
62664
1090670
999355
84495
377781
5068515
33
17734
949284
10114322
2389
34
59
4370
7998
1069314
314293
2586
913503
10343
31581
34332290
26
8466
37637134
34229448
588881
4138601
30
17
774960
67610769
63
7907971
5293764
77
850
785
391763
1949
688
89870
323729
50293463
58381464
47272
95
26
81967370
5091278
3734447
72509
54
7178
6389
128396
66482661
10249928
3917111
6817214
109
87
17993160
84219
418089
35
421280
2320
59
912
368
2561149
2510235
82318598
80728159
8894267
99355
728
9194
7613
8022
2713365
36198235
357153
56724
3929
36
94
38257090
839
213250
737862
41244028
4504485
16
4691427
1254309
264085
83650
30906
3339
52
5648
930541
20377061
59
9804586
22
1030
2851
513008
5301279
489
7442
21
11584
76372
330
9684793
745596
887
80486
2956
267093
40
57
242
966
56470
81152
29870563
6563813
85284
7257
95730
96
138092
8620
68
4161
66969346
6171048
85663
618572
59200
28593236
737
6964445
28809293
154100
18976
2787885
73054265
763
389
2508
71868
15502007
864851
5941
80
24450
5038275
98
46609093
1391756
15287
975
6784
32
7450132
727624
34302
2478
8762
48821317
6259036
74618940
9991504
99
9960607
10720504
4570
77586
76430823
7821
39109093
