2000
2097904529 2093146244
138226625 136920564
1264793841 1263246776
1640067057 1640026752
1722734801 1720575862
471791937 468545228
841100641 840170474
1146501649 1142389242
1070849 -1893710
1628457697 1625027062
1006827057 1001967772
1810763121 1810394616
1767408929 1765672994
1552408257 1549028372
1486184497 1482550780
1003275729 1001640954
1980177793 1975672042
1480416417 1479861102
1950244017 1946364804
1400599953 1398922692
623356033 620671108
189657217 187376102
1239034641 1237588932
158378449 157640418
447779457 447114688
646873601 644438328
2031273873 2030196262
1418952785 1415290170
1370005361 1369740418
1544047537 1540529546
291652417 289673650
1165936321 1161625168
595643377 592771410
380797281 377437856
1204724673 1202702588
34178049 31430516
2047258577 2046887464
241625377 240939874
748508993 743574936
1695673729 1695498658
922403025 920743292
1343541985 1343361732
1371885953 1370623956
1794995841 1791429226
1727615937 1723372330
1211568785 1210656024
1358247281 1357048352
1521485009 1517592318
1348059873 1347044810
762038161 759022884
780127841 776193072
59880417 55331028
1806888577 1803520136
1141612225 1138705850
1069769233 1065277648
1643286017 1640665728
1805047729 1801105138
1419295969 1414611474
823832161 820011982
757402561 756599420
269917121 265894438
321671889 319237496
718531281 716401694
2077967249 2076265172
101107473 96652374
1688867441 1686959658
1327422065 1327393406
1405764401 1403564418
469970097 465383546
1967827809 1963216688
372642769 371864676
10009777 9675452
545429537 541707244
533824353 533665648
1815033329 1811430820
1698112945 1695435736
1214091697 1212185196
1091909393 1090946898
820739697 818367286
1500196337 1498001914
1038870241 1034473938
1836914977 1834629512
1757073489 1756551848
1112867537 1108777626
372250417 370373206
213547441 208980564
650204785 648278972
1979944289 1975279176
552334769 550774800
335701009 331163392
561275761 560648248
140297729 140002212
1935053441 1932893168
1499727809 1495711554
306817345 304416442
861500065 857193518
1852102145 1852074974
464653233 462691644
1874459505 1872946588
917120033 912888288
984056097 983616148
1404852993 1403181510
1989234961 1987281780
1600010801 1598697584
1617860385 1617190174
1825990273 1824241096
121917905 121134092
2083974673 2081112568
20902625 16915584
2015819569 2014643636
1335268113 1334896814
313945489 309141660
2002770193 2002087558
1822909681 1819564582
644607473 644557718
696433329 696257726
2094788945 2093144704
1454964897 1452645550
1262405265 1257507822
1613627665 1611578446
1104483041 1102127354
1174625233 1172563154
1554198433 1549982662
699500625 695636590
911494721 910347820
579771697 575319520
1711497041 1708188724
648140417 644875052
1326245201 1322131846
906977025 906361296
243733841 243310702
1405409713 1402044094
1048733745 1046191466
1181515185 1181124636
898647921 896448752
1493098193 1489963028
1057786801 1056135382
679629441 676201876
922981601 918303382
1936256929 1932744064
1549571505 1547513206
1980362049 1976976046
700499553 699381256
53890449 51321628
265319649 261811924
957918225 956379740
763971217 763758658
43694721 42307796
1606346417 1605612946
1529122433 1524547386
1677523057 1673108370
1885827617 1885621144
1161657281 1159127276
363233921 358308772
366620001 362104966
692288817 691804998
1388888241 1388732008
890414113 888374386
1653965745 1649570630
283303313 280600984
1872096417 1867217856
66726161 65057492
632203889 627306704
960255793 956544632
1536564433 1532308538
119967681 117492594
891244881 886304982
1829725137 1827358496
1026082481 1023721392
1703344833 1700802562
2043839665 2041105936
1818286753 1818080398
1655248225 1651684622
735634913 735576174
529462417 528670256
589935825 587096202
586851713 584226124
371780545 367623844
1267917601 1263274862
1645355633 1645267582
1850697313 1848596876
1068863553 1067344662
491226001 486554698
776679281 772690956
1093277729 1091013216
128014689 123567940
1129101761 1126470044
505414081 503060494
1064150801 1063877678
184036657 180427316
374852865 372921224
2088210913 2087422070
1613025537 1612340664
326172097 321285166
1515638273 1512414274
1979882705 1978953692
547465649 543405348
1388035185 1384385496
1785546113 1782802264
998305873 995582442
239650017 236819258
1878100769 1874513070
290680049 286564228
175702785 172311834
1285783105 1282338674
1803381313 1798417796
6679585 2382486
1260473809 1259738514
715373809 711587956
52526865 51567676
1158576561 1153928944
394845953 391416452
1284764001 1283423488
2081211985 2077430300
1619480177 1616783994
1188847777 1184507750
1803890353 1799487508
1313388289 1313314456
546090993 541637500
1920880993 1919677834
1694529105 1693977762
510776497 507378430
1475304001 1474144092
1866590737 1866092028
1013941697 1012075306
1689532481 1688066542
1302046641 1298289114
451088721 446587866
1463633537 1461514296
1785189585 1780711662
1491933313 1490246554
1215024625 1212699878
906065441 905082026
1293099409 1292305460
1427408945 1426635898
1574855137 1574369628
226490257 224222086
573532193 572520096
791025777 787782222
752933809 748704034
891309553 886723526
897395201 894961410
683895729 678918760
1979235857 1979035818
2140096305 2138427304
2125542385 2120820596
716004193 711591278
1256681441 1252909900
789370465 786845370
1013901153 1011159800
1132301121 1128716674
64806769 61667948
49950113 46844996
1477755713 1476152688
1625858337 1620913592
1945179313 1943177032
710881793 709177082
1653194833 1651153370
141775425 139893046
96136225 95399438
1206320017 1202407070
312158097 307556012
757708065 752736884
1269120849 1266094748
884794529 879967528
535381873 532041536
1051336977 1050637724
264919217 260259722
1609185793 1607397590
521323201 517339840
639180177 635936774
1475393297 1474221414
106670673 106582420
1448309873 1445038836
1608053441 1606118894
651567441 646647390
558043761 557327274
1122140385 1118323258
677137249 676138434
826298561 821822112
1488243745 1484630006
463732625 462961636
2026580497 2022227976
1425949969 1423272158
2039197889 2035236398
1022684577 1018425462
665085441 660947892
375724001 373243428
114275393 113013554
1051412545 1049202624
1317078817 1315635892
798969793 795644496
32510497 31322056
1642405233 1641676238
137814513 135311374
1928194145 1926580014
2016375601 2016030096
994366817 989920418
1537037585 1533106574
1563290897 1558342736
735431825 733299170
2062057185 2057087862
2095501105 2093062216
517759729 514710440
1092086177 1087874940
1899747649 1898925408
811685441 810940522
1915869185 1912064308
781470177 777037456
870290161 868864328
1734271665 1729740976
654672449 652403626
858189617 857693098
144907617 142592742
52513041 50709926
928510737 928144154
1936845217 1936210238
1660413681 1658169576
749539137 748806920
124680977 119760512
934906897 930110538
1044928433 1041387654
1586155169 1581700764
1335122257 1332555756
976890289 975665532
1161667665 1159494224
1140287025 1135700354
82380673 80226252
1402763281 1401851152
1045041633 1043085260
385927169 382718102
390649393 387195966
1119285265 1116247284
40504625 38090152
1764730433 1761981918
936626673 932868910
453731921 450884250
456719201 456239426
1114441137 1109631138
909256993 908064986
1737057697 1736753266
494107553 493613278
867995057 867974262
1288857025 1288366872
1934708833 1932369568
1992844993 1991925924
1204144993 1199334076
567018945 563588522
61180081 58898834
58257889 57315130
1242955377 1241686284
656279409 651512410
2011289953 2007195538
340319569 338672368
266008513 264621462
98868049 98204040
1299691185 1297163826
907913393 907346108
298085953 294200402
1486310337 1483148340
2084444017 2082913374
32300577 30535238
600358769 598181352
1077786913 1076272522
2114145841 2110112638
1736098097 1733203476
1024893345 1021442178
1696261841 1693225590
1158232945 1155586614
1411478977 1410589968
2012986129 2011134438
841873953 836917262
1332195265 1328631930
1282078849 1280632856
502915057 500742826
1539333025 1537775386
2001514193 1998157528
1819550161 1819177900
1896313377 1896280196
499619361 499449966
669312017 665184394
2078082385 2077017502
350830769 348750790
48432497 44701512
501923313 499507740
1504572945 1502294290
1848764721 1847428874
1169233569 1169002902
1814896097 1813556582
183349969 179949092
1591123617 1588856346
1953794561 1951507008
1065799313 1064089188
284470833 281548100
68071393 66833724
2034388161 2033778828
1332834849 1329001888
1770979009 1767011208
730573889 727166732
1049866305 1045900824
1976576273 1974349256
1054026801 1053786376
1850444577 1847525520
818647041 817168390
1620231841 1616390214
65159793 61305654
1946268353 1942841910
1189393185 1185124578
2049757121 2045968226
92313761 91168746
1025698497 1024877300
711067665 709946470
1240867857 1239452078
1091640145 1090154712
710905601 706410706
1004398577 1004261026
1525215377 1522411468
376106833 372429684
1426582337 1422070804
639490721 636013108
527182817 522802916
1615665601 1612316070
1731038433 1726173468
851839841 846868380
160151569 159594136
2040514257 2040233386
905794929 902447278
609063425 604962054
1262296385 1257755176
1898812689 1896258838
106156193 106042504
1925978497 1922930340
895054193 893072376
481790561 479984472
774763297 770798964
1124393153 1119816034
192483809 188053324
1360500529 1360478478
590444193 588978190
1255239169 1251025828
916038449 912277028
519887217 519757732
1593766545 1593516290
2055318945 2051033456
798612401 798018410
2097787217 2097467082
1355937937 1355054982
691334321 686407026
1491800705 1489934826
1044356273 1040932382
964526225 964264268
1956821809 1952798372
963028017 958256164
1763254897 1758975390
361759841 357195768
9058209 6694690
828462273 826674036
2054330065 2054265434
74425233 70496740
472941905 472195478
2004649777 2001669022
72356977 71424196
490131233 488264216
805810465 803986728
721944993 718903636
1160530881 1155819436
1875158993 1870378450
1311802897 1308648414
744275665 743175298
1569640321 1568723758
2134470657 2129751026
1377806289 1376161010
1322123089 1319054294
146506545 145794232
541403361 539939268
789065185 785241418
4596513 1967244
960091985 956385708
805819777 804352926
335419969 334060534
165910241 164718128
860359425 859225944
978963761 978132248
2126201345 2122170330
1297086385 1293018754
774711905 770725692
635429217 634520460
104545777 104177260
481946433 481512566
233924705 231934716
619059777 616681244
1836802785 1833827020
464671793 460625792
1960639169 1956416064
640182801 640138442
1330192081 1325804006
740837713 737952028
1929414465 1928947868
909857089 906478176
1293120897 1289021044
239626593 239398918
1807370177 1802779042
488607169 485951852
281049697 281039634
717128305 715264958
2004865345 2003236758
419385745 418129236
1013319441 1010999840
1220646433 1216742776
1451297057 1448565954
1098703553 1094142684
130557441 126175112
721019873 720859246
1417040145 1415663372
736004113 733519806
1279569505 1278061270
1988092849 1983466254
1591513313 1586615604
350224001 345542822
2139836865 2138926386
1794840177 1792389176
1924482065 1920163384
1027668465 1022858264
2094037857 2089337304
203168849 198876894
463237169 459128092
1882424625 1879193686
1992383553 1988378154
1317828001 1317211268
1332356929 1329899226
1726891761 1726043714
318790529 314500512
148260785 148017450
1543728865 1540114620
1702904257 1698568256
369063937 366540048
2115065633 2113895120
2072926561 2070528750
123628609 118986800
50681073 48333186
1214785281 1214443666
765912993 765779842
603604129 600178044
1156234561 1153118186
428113521 425480150
318178641 316735232
112084225 111609280
304515745 299794846
1863723457 1861795706
749309409 747790550
399272593 398758938
868012913 864788278
174598305 170962096
854105345 853141674
552056865 548345764
1407840049 1406135918
929909217 929594558
1756267361 1753743054
413102449 410432494
797404833 795805062
1781134033 1778922254
1026614369 1026025670
729667777 729565082
1166204241 1164516404
1440318337 1439323896
1250890705 1249171458
1850218257 1847335620
1298720929 1294989850
830527025 826646264
552160081 550747342
1523017649 1522969248
738301569 735784116
799557777 798270674
1960268529 1959568346
717594257 717482536
100103601 99123750
573310833 572086142
546428609 544422376
61966209 60572082
1366769009 1362349626
1770590385 1765968840
2098985825 2097538956
1316469057 1312907338
770230481 766635028
438464817 436041336
154302625 153952646
1447269521 1443544010
1380804817 1379645314
1420347441 1418306776
68116177 67239546
1061427537 1061326034
110096609 107751788
969249713 964953596
1101757729 1101307600
565611633 561912820
571702577 571191350
1385467553 1383225248
1962475009 1959505938
97694401 96581500
181489857 180728344
94293409 93734994
1224867441 1220844496
955400209 952224010
408286273 403400272
817544561 815348258
1885441969 1884257058
1019463009 1018892432
1155080449 1151280740
2055476753 2053014148
313238849 313036916
505739393 505664890
1900239185 1897398190
1166154881 1161861736
1145160033 1144184436
928906225 927404314
802515265 800771354
864861489 860229688
376533425 372521406
664280401 660193636
872915041 868729952
1359057009 1358403896
801539489 798350360
928606465 925719186
2024620369 2021836082
1405672081 1402453886
554314913 553712938
1099217249 1098657262
1441867441 1441795488
2054502401 2052231734
1367572593 1367441374
1473897041 1471819492
635239585 634688386
1509879281 1505573262
1489094305 1485086830
1967542769 1965381818
202143025 200989786
705810897 705263116
915642465 910955176
1372694433 1372179536
96231697 94245102
1963278321 1960701770
669915777 665184354
1670770417 1670732702
1537810577 1533020720
605654449 600905230
1041487025 1040656070
2047425441 2046137136
571511185 571176746
1526428593 1524438736
225942465 222644376
959187169 956009030
1202138065 1198260972
1331044001 1327327340
342719633 339500882
1209561409 1208349260
366564577 364648598
1641180657 1637854836
1219266561 1217816380
526757761 526575804
1618609633 1615320274
476927793 474081780
1043501793 1040072872
225765745 221416546
790910657 790009312
767822113 767200106
1577542033 1572563660
1541237505 1539664006
857064881 854374686
1193871025 1193531624
2101350689 2097134448
594153233 590422350
158617953 155439228
1440719425 1438167736
114333313 113290432
2047499857 2042741528
492996353 488087434
1442625329 1438083606
1150076433 1148529246
728638817 726282750
659043809 658760354
398297601 395316204
658099329 653342842
117003185 114505834
436325633 432164020
2097728369 2093215622
1193450081 1191276396
340204705 339934510
116463281 114450954
35225617 32273044
1976834529 1972894224
430870561 427107572
149143585 147648332
1034557009 1031000464
1714753505 1712398432
469397057 467190384
1913483601 1913313802
1741224465 1736788532
159194929 155864126
1278681233 1277174614
532533569 530649092
438862033 436962254
829568337 826887804
354530385 353883702
1390171281 1389754928
2060183521 2060068140
1785437377 1784690890
126342433 122807160
763794289 762867468
144062721 139863700
1139160673 1137345886
41470417 37402298
36162209 34972614
1917198913 1914042194
563859793 559209616
2065563729 2061734274
488512113 486469674
1749575425 1747888314
292912817 290284056
430569665 428446366
1461202209 1458306264
1738291233 1736950730
1225500689 1223376564
1518159649 1514821056
959266737 954574296
1396947921 1396500166
172425809 169544956
1560735041 1557412868
1218611297 1214354484
1017225233 1012410726
1661436897 1659214072
1476368289 1471580482
1175199425 1171873722
1268266833 1266902138
892890337 891561036
940221137 939598796
615612017 611794450
115390001 110399544
1436715537 1434884800
536210481 532700178
1970459585 1967396408
1654384449 1649696456
1978201217 1977569536
1787083137 1783256224
630423489 626750384
1064551937 1064144200
61420993 59861692
316147073 311803900
855815409 851925900
711983825 708443810
1151809425 1148288220
1622718929 1621869670
1549778577 1546492302
2083127377 2082384740
1997579505 1993752542
1786994561 1784155546
1914884177 1912260034
2039169921 2035749842
1654904913 1652816200
1006104609 1005258704
1581546609 1578001276
540069409 539335740
1169072897 1166243500
1024967265 1023640160
1094590433 1093727060
381414705 377294246
1205969761 1202532592
1917839505 1917757748
689717425 689214888
774396545 772717054
987256721 985096256
844457521 841408370
371530529 369249762
430713809 430273866
479061889 477835210
1878248401 1873757104
30951073 27327376
1582410689 1582216602
392502625 390790424
1464773249 1463505084
109867073 108771310
1453164113 1451120150
885832337 885554382
904136241 901968980
1688222097 1685328550
319335665 317088600
916703201 914807380
1519572913 1518324384
1636670721 1632965542
1026401441 1023828554
345383505 341850706
2045707409 2042467864
1553565873 1553396442
865452049 863241190
586809217 584190280
977886257 974284208
197115505 195626574
1020466913 1020144104
1112877105 1112484382
1027482145 1027182926
1289324241 1285611336
1174022081 1172496940
675929121 672150380
1707875889 1706277300
391091745 388813432
983182401 980046718
1489461073 1485664172
1018401265 1017662912
1702357393 1698322328
520788801 519575262
686752737 684438824
986607761 986417642
126208993 124313438
28338673 25601446
282026577 281238180
196344865 193086484
891171873 889754350
288623521 285238932
159601777 154918130
966446465 962732588
1912727985 1907971834
356821505 352726946
1667467361 1665287684
946055089 945002600
169628305 165467556
20418065 15735118
1093898065 1091266034
888689233 886444614
267942977 264489950
2047156129 2043486912
1424505713 1420208804
1018425489 1017384608
652854769 652719964
799895729 795406284
248620673 245117820
146645393 145080832
859499697 859183270
1940681489 1938175506
204330801 201540680
1575278097 1571849288
438286113 437217718
1438196225 1434213418
103344481 101637686
1210515041 1209756176
409200417 405296440
854407329 849972180
313334065 308398786
1278820017 1275400690
403213873 402717938
995333137 991735894
922926577 922576880
1289039489 1285546246
1342946865 1340387192
1259986929 1258353338
2135852321 2131741954
822142673 819003230
1271548673 1269610770
1069690833 1065183792
1858746753 1857395532
651194801 649809744
481337137 477174836
586327905 583360344
613906881 609144972
1977532977 1977108850
1917446513 1914786210
1561456273 1561433252
160749985 160257734
938922385 937181480
994854113 994113888
1019827489 1019036706
787944273 783007272
55184337 53222468
1138438289 1137382166
672279665 669527806
647867233 644321492
1313109457 1308823016
869394977 866186318
843636353 838690542
1114454849 1113451630
934430049 930284774
1091019697 1090411524
734871169 734791032
1612451425 1610994442
224627761 223738718
536648017 536637408
867719649 864047714
1408027521 1403810280
229927793 229406170
1762231761 1759302036
131332465 130141208
764279105 763983904
913039921 910133804
796253905 793800708
1795157473 1790565498
804201745 799653680
708186545 703860732
176741793 175912158
988732961 986599472
1829743409 1828450680
139199905 138383222
230255889 229479458
332294209 327804688
349963713 346873210
894907937 890818390
1845843921 1842730390
133246353 131160452
5317233 1282336
1529414769 1528536784
989375489 984814630
68691633 68041410
1340258145 1337983172
1795678609 1795038470
373761201 372522570
1888309777 1888084584
231094209 230505194
316207649 314793950
2110222849 2107585222
2063164593 2060722174
719271889 717214722
292512785 292202810
993997761 993216614
338687729 334937690
1544816785 1543041956
584230433 582650976
1857474001 1856370354
1871902449 1871599546
1190546369 1185861516
806903857 803573156
1601560833 1597528572
378585521 374878542
1690242673 1685816446
1123273873 1121354334
963331617 959100978
536036321 532450760
380079777 377213218
2044200945 2044095928
246035697 242816404
2052139329 2049160404
1916410625 1914969094
1398118689 1397281544
1093719409 1089455346
188653153 185292744
430488273 430369554
258386033 256503152
969404001 964408180
708433345 706292494
386041617 385060058
539045793 535371294
621232017 620304216
794442433 794389458
539453121 534517406
1825715105 1823428012
1598935297 1593948870
355127585 350264252
1638626209 1635077894
1995265361 1991696874
310595121 309657806
406856753 406443958
1061929281 1059923560
1871634913 1868761318
694387089 692532978
1912099937 1908873126
936849265 936244134
204976449 204774424
625317841 621872898
2020440113 2019588516
536972449 533133422
224659953 222632078
872672385 870797762
80424737 78527748
357604129 356093242
369663841 367285840
1849781937 1845241198
1296424273 1294113346
766363409 761421692
754391025 753996978
1101373441 1096470468
501375553 496431222
54048337 49312364
833426689 833288762
1210951185 1207937576
614513265 614407038
1886452209 1884804336
1565318881 1561438852
868822769 864891980
1810791553 1810137078
1504733105 1501558796
363245745 360043452
251619969 249034166
473416289 469325990
809259409 806508968
132479201 130986916
1795244593 1791058980
1201976177 1198138422
65041057 64439520
19192721 17330596
1828492257 1824996890
1020271089 1019942176
267892945 264429330
1476999057 1473737688
669473105 665599564
1316988625 1315756286
965647281 964513216
1165219153 1164301562
500323569 496653946
227231569 225619490
194206865 193733136
864244209 859474288
1062010641 1059681446
132924737 131935162
1829638289 1825969028
1178801409 1176180702
2016556017 2012270788
349703153 345365040
1599051617 1596854096
2075651889 2074792838
13885201 9658490
482031057 479027608
954935505 951324270
1992446769 1988032132
881686257 880077824
1474881985 1470955976
1063261041 1061610740
1118023633 1117352886
741302913 740184328
1476108801 1474307702
60920641 59016550
1899802657 1895596988
1565854769 1562425104
1373653969 1368766266
2028437345 2023972898
602649857 599532804
747319281 742553706
746018593 744944250
310268721 306404582
1232661873 1229214276
96686273 92839598
1671367969 1668769200
2145969297 2144591726
1194834561 1190882892
742870001 738135428
1639237569 1634610240
2005247137 2000812110
1980514641 1980474794
1212383473 1212373570
526510305 522795496
11888353 7611866
670341329 666567642
78234561 76978024
1952954529 1952932726
968419601 967994330
2005362673 2001134284
1349596657 1347796590
1131772321 1129127028
2077632305 2076952134
1854600881 1853709748
1238953713 1237946376
1794729937 1791372524
1297445985 1297325064
1073844017 1071511862
2019724945 2018508136
2034965921 2031414174
1043454625 1042281204
2089319665 2086502782
1899358769 1899117492
584794705 584449778
1483684785 1479819178
1369399649 1366557622
1019324065 1016782990
903270545 900940016
257063521 255302238
1572673777 1570148264
665196033 662249266
1095378849 1090575108
2110288145 2105338458
1075053281 1074803246
111228193 107790742
712250913 710194816
983945089 979757794
1689255041 1688583118
1250045377 1249263600
1037775585 1033652338
1773263665 1771178012
575037985 573838454
195607697 191236210
586859361 586319194
1044218769 1040355806
1914097313 1913361456
268462513 268086248
740523409 736727426
1813388961 1810613948
323754801 318900666
163490945 162137970
825288193 824174722
2138553905 2136901694
572109121 567592158
621741521 619066578
971410865 968308910
1968590017 1968550522
122376017 118341292
977216401 972353494
682430401 677627024
312367825 307998486
1683024161 1682122500
375800769 370813030
1185154081 1183184654
1777254225 1775423384
566209697 562886448
1374069953 1373072960
1522381681 1521600950
184385377 182047292
1145946193 1141975860
1784021025 1780439570
1741507185 1739957358
655653489 652128978
1059558961 1056226946
202793425 201958148
1476697889 1476640078
1325688289 1325470526
1128347569 1125899910
2145335313 2141766372
49611953 47562350
479900801 476965378
384276657 383871554
1240913969 1236869232
931443409 930390726
540404865 539467842
621145953 620070566
1139137665 1134840874
635964433 635209046
559673281 557234456
927577761 925909780
72999345 71284436
1510049089 1505508556
356860625 354881684
1551113425 1547966072
838358513 837647742
1283851921 1281263988
1491294897 1486422380
580961681 578133288
1698835377 1697168452
1800910081 1799200360
1009626625 1007364286
713886497 709890750
600863265 600732500
257464049 255444076
674586705 669984456
521553393 516572830
1925330145 1922404028
1281096609 1279312090
1459830065 1457522606
214312993 213144922
1293318129 1292675794
1166656097 1162765098
2100147505 2098021010
731375969 730510630
1919908177 1915659914
25027073 22087984
490262497 488537270
41451041 38411568
2007140241 2005510270
972289505 968383552
1571834225 1569996400
668600961 666236528
461842865 457788268
1677842369 1677667066
2114647601 2109870010
1214872657 1213779690
1518721873 1517499160
1062940849 1058568326
2100604161 2095852568
2054298913 2053299706
958967137 958148196
369876369 369615750
1912017857 1907772272
1618753873 1616160196
1009416225 1007286184
1875076977 1874370286
1981256529 1980560276
958876657 955231844
400096193 396229356
1923473089 1919155450
930385185 930077696
1672722193 1670820314
1678575569 1675314164
1373305217 1371438860
702256657 699333742
1498188833 1496339810
622821841 621509232
742576849 742334512
2020093985 2017060932
1450509425 1449649518
876631697 873335956
1748396017 1745899374
2096261729 2091698142
1716008529 1713457898
980424529 977361726
1587423649 1584588080
1271409137 1267599914
1003509153 1003072302
262953761 258066820
1861842161 1859479858
19361585 15155520
671256929 668286276
575062993 573986554
305285745 300824354
1788886705 1784638326
1561887521 1561154666
503257025 498654974
1247912273 1246500044
1698455281 1694481128
814439025 810042264
1678139201 1677112494
1364478417 1364199052
1504200801 1501669018
1089965169 1086953966
1458349025 1455672024
1391806785 1388985082
451465585 449421724
875994897 873457964
1215062193 1213961592
1816772433 1813240214
145614065 144621940
1466977505 1466148876
1876322481 1871744046
1583314945 1581241846
1495999665 1492236722
1933840417 1931558966
1946694193 1941819346
153508545 153005714
934063793 930955786
1930868849 1929229428
1701885153 1700476302
1225211281 1223981824
247724753 242892178
573592273 572348990
1273153697 1269612142
2068162273 2065135294
1448751409 1444965442
2118531025 2115405084
1092293041 1088792782
173672673 169699908
347087729 346171068
591572177 588902430
1734109249 1729633546
922135233 917314470
1439195537 1439108898
1889829089 1885888916
524242993 523665318
330463921 327266248
1654559169 1650934104
1971071649 1969520292
1785959601 1782587336
1350440305 1348836616
159931409 157110858
314719857 313506650
906269601 902154176
1334604705 1332632452
53346513 52902446
1411783729 1407956190
1780521681 1779557662
38049761 36939704
581877585 578799566
1047275361 1043441126
915268977 911109358
1763618241 1761593512
1205483185 1201597272
615718465 613869112
1419585841 1416628968
1779881425 1778724352
1536731329 1533582160
1799022785 1797352444
480677617 477763538
1458518625 1458105856
797000065 795183884
1281907793 1280631824
1807313153 1804914694
720750977 720274794
9137809 5084720
1792790209 1790713410
552577537 549719516
74892865 69955874
1883369729 1881807734
469428865 465942616
1183868033 1180314928
1643936225 1642484154
487103553 482455466
1242073265 1238293930
100360145 99768202
1471079441 1470463254
1121894417 1119869760
431004497 430153530
1957841377 1955552306
1853018305 1848286196
1068471825 1066282944
975196561 972038714
616368145 613127030
14874929 13740426
183869233 183343570
168240929 163823310
322882929 321328826
125391137 123800866
439054289 436150810
637291745 633396210
602040641 600165538
262717073 258956184
540044001 538893264
457781153 456290918
1543925825 1543793544
755405969 750439058
683569137 680518728
623817857 619182510
1426822849 1423855482
1045073649 1041680588
1511918353 1509087766
1275988545 1272626390
528935265 526547480
1257447393 1252867730
13883697 10074772
1524442705 1520288916
1234186241 1232846470
1275299729 1270613814
1095051649 1092609834
1498665889 1494825258
1654210849 1653377048
1462184193 1459803770
1733685137 1731147744
180194993 178118348
1037577073 1034421380
1926792657 1923855344
1016504097 1013846100
1783748081 1780831082
1166801761 1163511648
234626209 231369574
504706001 502360902
1605124321 1602783152
1704240481 1700461106
1633316929 1629634796
1650583377 1648232098
528936593 526101292
69271489 68447284
1459739169 1457333646
1312503297 1311734762
1498161265 1496846856
438897601 434741560
832609265 828497404
814055569 809442576
1368216849 1365380768
1771373969 1770702442
2130880209 2127718150
1464954961 1460091956
1547933841 1547507856
427848289 427259310
1504229793 1502746540
2007176017 2002183764
840402881 839187498
1983625873 1980702810
389669265 386535796
1748974289 1746533974
1275699473 1270957852
1221547089 1219826872
1512343905 1508627168
1757936401 1754855682
46228017 43565114
233116641 232022474
2030686401 2026742400
1297024161 1292661974
301844673 298019040
1998294529 1993501160
303270177 300137084
1260629249 1256481536
1511095217 1510523768
1710244817 1706532990
270194993 265318768
1751398625 1749586036
821411265 819305312
993594609 989299826
45977537 45831392
1493090753 1491829360
607729889 603321502
58805777 56010336
873237761 871690596
409780945 407963078
638014145 634812042
1736389569 1731973080
371817825 370742130
1451723137 1447904668
750827489 746042284
1989085281 1987221102
478992577 476133476
1349090817 1345326598
2128885441 2125354536
186283553 181947254
1007221745 1004835454
2099786625 2096183366
1820318385 1815327158
52713889 52148094
1037807601 1037095146
1598222097 1597769942
2062971857 2061038008
625273601 620284486
1329828497 1325929188
24935425 24310186
1612895313 1610981400
71762225 70891426
1473651681 1469484342
66416593 65322898
1087002177 1083223324
865217345 860649876
2139007281 2136883750
540043121 539708714
611815329 607887616
1741584081 1738700008
471628161 469204488
1175090353 1170945114
1068912817 1064370176
617401617 616329712
375252193 370926390
192607761 192534414
316689121 315269290
436619889 434937596
953251521 950502416
449950689 447412384
1271077249 1270026320
1576091217 1574933816
498261393 497153304
1583814369 1580492600
1729687009 1726582066
955885873 951612454
886045105 885834714
896124305 893120476
39816113 35522382
217369745 216571654
334381697 331225168
1120141489 1117366848
463083345 460450456
1262066657 1260695486
330385873 330323290
686160097 685557356
382983729 379066088
1235139921 1230265882
1517274257 1513983788
583720849 580143740
798037601 793816194
145710161 142920146
1892559313 1888881642
908007153 907920948
121460993 119345850
373850545 369415578
1058304465 1056494242
628951249 628445302
1913046305 1908537242
900320993 898295602
1545033521 1544370950
2121897857 2120191908
2136812273 2133092402
1523266145 1522759680
947891201 946884732
1105161985 1100254912
956609537 954462664
946547553 945860310
721673297 718776176
62505697 57799280
105007201 102378968
2069805233 2068597728
607912017 604305924
1454237441 1453947686
527806113 523561798
996937953 993000762
1820659105 1818101608
380727441 376843758
1505766129 1502221196
2095958673 2092938332
325913473 322498436
832854769 830964798
242247793 240907774
1707839073 1706328686
2037901713 2037745204
1605058513 1600606000
1135571153 1133594164
1478008897 1477847936
488825937 486314344
1944479105 1943394892
475747761 473427370
1525361 1129992
1236154385 1235042614
21015297 20887690
927211105 925127462
653515841 650003638
1268446305 1264581506
1499370673 1495087504
1900918753 1896865924
554274833 552743230
1837257057 1834753152
422594225 420425656
844950177 839958158
1585099537 1581157862
1250506577 1247082144
189097105 184444442
206636465 203206564
1504137041 1503248748
1927831297 1923799722
633210049 628496464
977953489 973856340
233003473 230876368
1360261601 1358539764
208462497 206960624
1443422465 1441486506
1333210785 1330575080
1115121601 1114019850
966756993 966217356
1583471185 1583124526
735947073 735077920
1793071073 1792109818
205305505 203200262
601658369 597973148
1514436257 1512590094
400311745 399497590
1525039857 1521221538
1965028465 1962798650
446909025 444889708
1083684481 1083442840
1161939441 1161244086
1088241073 1083467188
731912321 731266190
1212585073 1212223886
1068396929 1067546962
866489473 864382050
42109921 39205190
231834993 229186978
1552116081 1550661888
584334369 581436854
396078817 394299806
604095057 603909990
1279655809 1279567128
656496945 653984834
921555569 917284454
1099308145 1096811914
2140144273 2136949898
1666721393 1664106324
1811949377 1807348708
109931761 105476512
609455665 606296936
1153449345 1150718502
1755685425 1754232632
1814742849 1811251668
909386561 906376558
2066918769 2066005162
476124673 471876088
134802577 133065064
136164081 134152062
339669281 338235774
194088177 193068520
543862321 543576182
292484577 291534504
1828577873 1827140522
758541025 754721356
1168850321 1167779314
1619379345 1615998934
1600435889 1599659814
1052005233 1051877334
1435130641 1433005256
1383930657 1381712940
1743817873 1741233650
189874625 186116926
1881066849 1878313372
397355681 396485996
770592289 769744012
1531582417 1530816078
856777441 853094582
1410901393 1407795126
681543521 678674958
236645329 236232596
71655953 71356080
556024945 551931544
1211467089 1209794592
832896737 828556116
1743933569 1743012904
798061937 793230186
575890465 571793566
1341052529 1339988976
688654193 687314596
1154791089 1153573328
1752628913 1751419114
1628943121 1626104854
647286385 643392212
1864261057 1862539734
1698267921 1695376496
2038884065 2036207904
1004937169 1002468478
782456513 779479234
1761725921 1758125518
1230425185 1227255066
582888817 581498330
264581969 264353472
965380241 960412084
1781984065 1777770662
1243972577 1242552494
812531505 808871422
1086765377 1086617946
139479137 138430760
1630792017 1628547916
1643793921 1640001830
455473105 453840152
535676193 533316536
186293041 184909408
165783553 162680576
1154400417 1150032662
1689393489 1685561632
1899191873 1895971168
1233072545 1228384000
1932172769 1931881544
718373217 713659960
911636545 911508132
267546753 266729536
1052470881 1048619050
1736053073 1735880314
1147975201 1146675034
68243409 63863702
597330401 596461450
392531809 392095804
1272636465 1271254094
122895825 118318342
857868801 857507234
64681169 63176462
2015962193 2013438642
421976961 420394322
1498937713 1495250146
2116657553 2112753204
1696154641 1692804604
1712704897 1710599604
826846737 824078410
1664314225 1662946228
348556785 346899888
678482609 677621682
1448413601 1445913474
32347697 30404294
1248038833 1244251884
1069758401 1069176726
2001825729 2001712624
1983436465 1979435524
1457308673 1452940540
1643032465 1638813014
1264363073 1262213004
844413809 842279530
1275797217 1273651110
1305305425 1301889098
415649537 412901574
1097942097 1096924858
1009964097 1008531774
4273185 2983620
1337741521 1333291110
897718369 894812758
1530925345 1529132750
732734193 731776978
1657852977 1655630484
916431137 913073818
1344020577 1339352800
87741153 84559656
451563681 449021424
2139779441 2136825090
21160913 20746406
1669369329 1669366714
1222811697 1218954040
961724961 958312974
2051251809 2050796894
391072193 386780184
762638689 758048266
15012193 14720864
247189313 245237374
945051153 940992202
2058711985 2058543386
1271958369 1270620222
1051473345 1048040470
1182265249 1179535584
788074721 786244834
1891520017 1890642316
1491581281 1489907018
1779786897 1775474186
1604941153 1603820554
50398353 46665314
58186993 57783022
1059076529 1054929394
1098508769 1096001618
928838049 925008940
235462017 233616872
1623942913 1621375220
1502029009 1499675704
1786574321 1782172068
813085873 812746782
1291943601 1291038410
688118001 685883354
1622292321 1620804722
1239553089 1235725622
1764680865 1764277066
179704033 177015370
1734706689 1732771902
1734479121 1731976834
1760993249 1760937314
1790916001 1788767024
1840146913 1839893716
787394673 785243034
1641253297 1638246682
1134363329 1131231728
256061345 253035118
91938193 91508600
1289129633 1288790004
1976622577 1972900522
488338161 487138472
19186353 15486256
215107409 212275654
1266984129 1266498922
337812145 336960396
1236745665 1235578148
1077713457 1075003272
834938865 830037878
2019632385 2016491584
832104929 830639086
1257394145 1252446662
2135829441 2134047514
667929089 666015594
652571649 650821248
1243407681 1242161622
1000604609 997687416
1469006449 1466662014
1571076833 1568913384
1891792481 1890346232
301184673 297905146
107773649 105718474
739457921 737175208
1063849185 1060689760
1101104305 1097726788
1804019073 1799808450
1999861985 1998365418
1260873649 1260733042
1613386097 1612943686
165124369 161650172
722582577 719159352
259549441 257141624
95694385 91219532
1659674961 1658494254
1838728449 1835013320
1127687265 1123064280
1618892705 1615512802
45700065 45620132
341794929 340874610
1834915585 1834311688
1110314065 1108940182
239427985 234640670
153961745 149142994
1653800337 1650227994
2051133681 2047134436
61544225 60536650
1216300641 1215298590
1159185505 1158553106
212486689 210374838
271596705 267655330
1176977601 1176922446
2023981153 2023697640
1686460897 1685667568
116549553 114878674
464671793 463956720
1912011073 1911033966
373233377 369941722
1527218241 1527208402
476148625 475260218
1922670161 1918967496
828358993 823476398
1670869825 1669967688
1188474417 1184171340
1125323425 1120763750
2135351025 2132988014
1182560801 1178693926
80824129 75831700
1049916001 1049668074
373632161 371874566
927625233 926751364
1399430049 1395175016
891498945 891218914
1244157057 1239313892
245309249 243626738
1099330785 1097939014
1261487713 1257363908
1457824161 1454845178
1997182561 1992395824
278579489 277188672
1929541569 1927988304
626839777 624205672
532671473 529250064
938785201 938062276
1872419201 1868886162
1879309505 1875062988
1322250209 1317505550
559253073 555511836
1584613633 1580776952
4688129 -46560
1626503153 1623366810
1448406929 1446193542
1425195489 1424273422
23761665 19996766
628610961 626103286
1411910849 1407731256
699454337 699405240
1998513793 1998204254
1313295089 1311716612
1977167217 1976684842
2013300545 2008684738
1582530049 1578393854
898473089 895002596
940590609 936646808
984639985 982428904
475132753 470692564
1004138353 1001989852
1873925361 1871840554
1365002113 1360224738
1133725665 1132393608
840678657 838710686
499696033 496217726
454918753 450017642
1352535313 1348159178
232220385 232089740
1174709489 1174510746
360705265 358736864
1359317985 1355608100
1291512961 1288590732
266984257 265941554
1580317921 1580289272
1312640145 1308230982
1609335809 1608596338
1992105281 1990589138
439911249 436164060
1406619585 1401959858
1934024737 1929902452
1434481873 1431223280
455143873 450466818
607362865 606395440
1973340865 1969261638
690624289 687786830
704136673 699562248
1895448657 1894243866
1576170097 1571343644
597466497 594671288
546708273 544826298
2059444673 2058009662
371298113 367938634
996167665 994869552
875229041 871960324
1719203089 1715565450
148255377 147605386
119063937 118031896
1027575521 1026531340
1439300241 1438079054
483000033 481369422
1580309105 1579316342
236689249 234319238
1961080145 1960452436
458800161 454429464
1823850257 1819302990
846333041 843718060
1040226289 1036596566
1832205377 1830867550
1618979505 1614208098
1632410305 1627699344
1362259233 1358110508
1470704769 1470164246
8811217 3983798
1555912689 1554373646
2124075665 2122428552
2125009473 2122327300
980585489 975999514
518321681 514944750
1209596657 1208970396
1515288625 1510644132
1542347265 1542179828
401567457 398326852
445254033 442425376
541847521 537014942
681470225 678899696
506987425 502027078
1587234801 1586598394
1695339793 1691203784
1245190385 1244202372
53802721 50254978
1895764977 1893551474
654817 -2446838
1734096833 1732945904
1208466273 1204045776
2104201777 2100894008
12805393 8938068
1239155345 1237627130
1020157233 1017996184
1206049281 1202314706
271346161 269198872
895437841 894811624
2110801761 2110576968
652288193 651196130
975221025 972087262
1126480417 1124225158
2114998561 2114961238
1621057553 1617163260
2093482929 2089011124
435736033 433212596
782567281 778696734
114257537 111813284
687506881 684427444
1646044337 1643698090
841466065 839477892
85657777 80668444
2118744609 2117608900
1618871041 1616074006
29301505 28854342
137004385 135823662
729810017 726140892
255224913 253728098
1937343121 1933621936
1214396481 1213618678
549949729 545273796
1924471457 1919609150
1449575041 1444780074
5482481 4622736
1168348753 1165843096
2134703217 2129704418
1631103441 1630275640
22254993 21160920
1763845633 1760914552
1564211649 1563657098
684248289 682638572
1311771329 1308950310
1936007169 1934255960
1426274929 1426208658
1260241361 1256843186
156758785 155150326
2140588337 2136135902
904541297 900614104
1039940321 1037124994
521198161 519803914
1842618945 1837862050
1323773793 1321743826
666879249 665325824
1790679297 1787076812
1014596177 1011145576
1254430161 1254319938
1737383441 1735980304
1136541793 1132131028
773006209 768884816
1031155601 1028268074
971651713 968308316
1704462129 1701784094
1222165473 1220329752
1925075153 1922251970
1466767473 1466243796
875198961 874031000
680843137 679849402
1983406689 1980271006
1171804113 1168109492
1316741585 1311889048
1119586801 1114638414
1375817809 1371697428
328704737 325223934
1012439809 1010251708
1156664833 1152210114
1751055713 1748440530
546188385 545209910
1933522849 1933130274
489652353 486543442
1283313265 1278681152
1125423713 1125111538
1283936033 1282282804
33227649 29680146
451351729 447427732
1786753489 1784096062
1372513313 1368532318
297310225 294185654
2085422081 2080529546
1470726865 1467335398
192922001 190269622
1301457809 1297247480
1120199809 1116395062
1337272993 1333077102
296318481 294926122
2098974801 2098904838
965705361 962616918
360732705 357091280
689800145 685817138
786337937 784308096
1097136737 1096905494
1079372081 1074777956
1454088001 1451506256
624583137 622503538
917153473 916268994
874541281 873512728
2013282545 2009226532
108562577 104914160
524055873 520603848
1353127473 1352739370
1353718449 1349611608
1390127489 1389340320
1873186801 1868342082
1974605665 1971847930
2135185409 2131064050
1748368497 1744029274
