15 32 -55 -74
-25 36 45 -15
37 -73 98 12
79 20 -48 -22
-80 -92 -70 95
80 -13 -79 8
4 -61 61 -31
18 46 68 63
-59 -66 -2 -19
-60 44 58 22
58 -60 -83 -20
16 -27 46 -78
-37 80 -45 -37
51 41 37 23
-46 -81 -16 15
-14 3 -8 -89
-82 34 24 22
-12 42 55 85
-55 21 61 -71
46 -28 -31 -4
75 -93 7 -66
21 -95 -90 -19
-92 83 -77 81
-2 76 -60 26
33 84 -43 -26
12 80 -16 -63
69 -61 -89 2
38 -13 -80 85
-5 10 23 -90
21 -29 27 59
7 -56 10 -53
-57 -20 62 22
80 -75 -57 68
-38 89 90 -15
-92 60 -36 5
68 60 12 20
-50 5 65 46
1 -14 -43 -34
-97 91 5 74
-39 -70 2 48
-78 -25 -71 -27
13 -67 -71 17
-100 -49 0 -29
70 87 -70 72
-53 -30 90 -11
19 -88 -22 -21
75 55 12 47
6 29 16 92
93 -46 69 -91
39 31 -86 74
38 -10 -56 41
-26 62 -81 -37
-44 -7 -43 6
-85 97 -28 -65
-12 94 93 -59
15 -44 -74 -58
61 -5 -36 -88
-87 6 47 -89
22 79 -25 46
31 57 -70 29
-62 -81 21 -69
19 66 40 14
51 -12 88 -86
-31 -67 -94 87
-39 39 -87 69
-72 -75 66 49
-80 51 68 -98
18 -43 -39 -64
29 -4 -42 42
-20 28 41 85
8 -66 -29 -40
-22 4 -3 -31
26 64 -96 57
71 -59 81 -32
-56 -55 -37 -90
5 -40 -73 18
86 59 93 40
-14 -59 -33 -69
44 -79 85 -73
34 50 28 79
51 89 -99 -26
-56 -6 36 -90
79 -16 -76 72
57 73 -27 -75
-92 31 -2 -61
-61 28 -52 -30
-26 -75 28 -77
-51 -36 75 -36
-75 -54 70 -68
8 40 43 21
28 -58 33 15
58 0 53 82
-19 -15 -7 -55
35 -32 -37 -41
40 -41 37 23
46 41 12 99
-69 55 -79 -8
90 5 1 7
-65 76 62 68
17 -68 11 92
54 0 8 70
93 -20 -66 24
-57 71 -8 -31
22 -67 -57 73
78 41 57 87
-55 -59 67 -18
-10 4 83 -19
-52 -82 78 -26
35 -6 -51 54
-33 -13 -68 62
3 20 34 -22
27 -48 -14 80
14 54 -3 -3
83 45 -63 -31
-55 -9 -97 44
69 64 17 -47
-92 -69 -91 -28
83 93 -21 -78
-34 13 85 57
53 26 0 -44
35 -94 91 13
78 78 -4 -37
-52 -92 -12 -54
-100 -93 90 -58
-19 57 36 -90
97 -40 1 -66
-81 -99 88 -2
74 -27 -34 0
-17 100 -38 -68
-41 -49 -13 1
39 74 88 2
18 -29 26 92
-82 -62 27 -86
21 -31 38 76
-54 -20 -99 -65
-91 25 -94 46
-63 23 31 51
-72 48 37 95
0 -44 68 -77
-4 -34 9 -74
-1 -14 -58 28
-87 -27 -97 98
-66 -33 -77 -28
31 -35 15 59
3 40 72 85
-54 -98 -88 23
-22 -87 -59 58
42 -65 -33 3
-87 80 89 36
-72 -20 8 93
-63 71 59 -23
37 -32 -33 -56
86 99 -98 89
-91 39 -66 -21
12 45 -54 -72
-62 57 81 -44
77 -77 18 -47
39 90 75 54
-23 93 -33 55
-16 1 98 30
17 21 -40 -49
45 44 8 -66
-76 75 -16 -19
20 -79 -9 -41
43 -47 8 -32
-84 58 -81 97
-94 -34 64 -79
80 -13 -89 -56
-35 85 0 91
42 63 76 56
73 53 93 -14
10 -20 31 -24
78 83 -58 85
84 57 -28 55
56 -21 89 -82
73 -35 50 90
53 63 35 71
44 -73 80 -65
-81 36 42 51
-64 62 53 -69
-19 -56 34 15
-24 20 21 -51
2 43 -10 -22
73 -30 -50 -1
-54 -35 49 27
-59 0 -55 28
-98 36 8 -68
-41 60 81 17
-24 -84 97 66
-27 -19 -60 -20
59 -22 16 68
4 12 -40 40
7 45 55 -95
24 10 -17 -94
-68 -58 -81 -34
-64 -6 -92 72
-10 100 -97 92
91 -3 -60 88
-7 58 22 0
-7 23 89 61
