001
0001
10001
2000100000000000000000000000000000000000000000000000000000000000010000000001
002000000010000001000000000001
10000001
10000001000000000000000000000000000000000000000000000000000001000000000000000000000000000001
01
000100000000001
10000000000000000000000000000000000000000000000000000000001
02
1001
02001
010100000000000000000000000000000000000000000000000000000000000001
1200000000000000000000000000000000000000000000000001
0001
00100000000000000000000000000000000001
00000000000000000000000000000000000000000000000000000000000000000000000000000001
33
01000100000000000000000000000000000000000000000000000000010000000000000000000000000000000000001
1000000001
0000100000000000000000000000001
4
00000000000000000000000000000000000000000000000000000001
0100002
3
111
10000000000000000000000000000000000000000000000000000000000000000000000001
10001
0100000000000000001
01001
120000000000000000000000001
6
10000011
111
10000011
0000000000000000000000001
0000000001
1300000001
0200000000000000000000000000000000000000000000000000000000000000000000000000000001
02
000000000000000100000000000000000001
110100000000000000000000000001
2
0310000000000000001
300001000000000000000000000000010000000000000000000000000000000000000000001
2001
1200002
00000000000000000000000000000000000000000001
01
0001
400000000000000000000000000000000000000000000000000001
10301
020000000000001000100000000000000000000001
11
11
011
3
0000000010000000000000000000000000000000001
040000000000000000000000000000000000000000000000000002
110000001
301200001000000000000000000001
0000000001
00000000000000000000000000000000000000000000001
1
00200000000000000000000000000000000000000001
01
1
4100000000000000000000000000001
01000000001
10000000000000000001
321
1
01
10001
5011
102000001
000000001
000000000001
30100100000000001000000000000000000001
432000000000000000000000000000000000000000000000000000000000000000000000000000000000000001
001010110000000000000000000000000000000000000000000000000001
1001
001000000000000000000000000001
10000000000000000000100000001000000000000000000000000000000000001
0000000000001
41200000000010000000000001
000000000000000000000000000000000000000000000000000001
00000000000000000000000000001
011100000000000000000000100000000000000000000000000000000000000000000000000000000000000000001
00002
00300000001
2000001
20100001
01000000000000000000000000000000000000000000000000000000000000000000000000000000000001
001
301
110000000000000000000001
00000000011
1000000000000000000000000000000000001
10001
00000000000000000000000000000000001
000000000000000000000000001
0000000000001
101
1201001
40100010000001000000001
11
001000001
000100001000000000000000000100000000000000000000000000000001
1
0000000000001000000000001
100001
0000000000000001000001
01
100001
1
4
101000100000000000010000000000000000000000000000000000000000000000000000000001
10000100000000000001
3110000001
0000011000000000000000000000010000000000001
1001
011100001
1001
0000000000000000001
20000000011
110000001
11
0100000010001
00000000000001
1000000000000000000000000000000000000000000001
10000000001
101000000001
3
1
2101
000001
10021
0300001
2001
11010000001
3401010000000000000001
01
100100000000000000000000000000000000000000000000000000000000000000000000000000000000000000000001
0000000000001
020002
10000000000000000000000000000000000000001
0100000001
000000000001
00000001
01
000001000000001
200000000000000000000000000000000000000000000000000000000000000001
000000000000000000000000000000000000000000000000000000000000000000000000000000001
003
501
12
100100011
301
33
000000000000000000000000000000000000000000001
2
3
000001000001
200000000000000000000000000000001
01000001
1000000000000000001
02
20000000000000000000001
1
00000000000000000000000000000000001000101
1
21100000000000000000000001
00000000000000000000000000000000000000000000000001
01
00100000000000000000000000000000000000000000000000000000000000000001
2001
11100000000000000000000001
10001101
000100001
2
001
7000100001000000000000000001
120001
3100100000000000010000000000000000000000000000000000000001
3100000000000000000000000001
101
20000000000001000000000000000001000000000001
10000000000000000000000000000000000000000000000000000000001
0002
000000000100000000000000001
01001001
001
2000100000000000000000000000001
0001
1101000000000000000000000000000001
000000000000000010000000000001
11000000001
331001000000000000000000000000000000000000000000000000000000001
10001
1
01
0001
000000000001
11
000000000000001
12000010000000000100000000000000000000000000000001
0002000000000000000000000000000000000000000000000000000100000000001
100000000000000000000000000000001
3500100000000000000000000000000000000000000001
2111000001000000000000000000000000000000000000000000000000000000000001
000000000010000000000000000000000000000001
0120000000001
1
00000000000001
20000000101
300000000000000001
40001000001
0000000000000000000000000000000000000000000001
211
11010000000000000000000000000000000000000000000000000010000000000000000000001
00400001000000000000000000000000000000000000000000000000000000000000001
002
11000000000000000000000000000000001
100100000000000000000001
000101
4101
400000000000000000000000000000000000000000000000000000000000000000000000000000000001
000001010000000100000000000000000000000000000000000000000000000001
01
20000000000000000000000000000000000000000000000000000000000000000000000000000000000000000000000001
01000000000000100000001000000000000000000000000000000000000000000000001
0101
00000001
1
21
40000000000000000000000000000000000000000000000000001
1210000001
21
1010000000000000000000000000000000000000000000000000000000000000000001
000011
1000010001
01000000000000001000001000000000000000000000000000000000001
020000000000000001
322000000001000001
0120000000000001
3
000010001
012
42
00101
001
0110000000001
000000000000000000000000000000000000000000000000000001
1
20000000000001
0000000000000000000000000000000000000000000000000000000001
00000000000000000000000000000000000000001
021
11100000000000000000000000000000000000001
00000000000000000001
012
000000000000000000000000000000000000000000000000000000000000000000000000000000000000000001
01000000000100000000001000000000000000000000000000000000000000000000000000000000001
001
73100000000000000000000000000000000000000000000001
100000001
32210000000000000000000000000000000000000000000000000000000000001
111
00000000000001
3
3001
00000000000000000000000000000000000000000000000000000000000000000000000000000000000001
1
221
100001000000000000000000000000000000000000001
00000001
1000001000000000000001
2000000000000001
102
011001
20000000000100001000000000000000000000000000000000000000000000000000000000000000000001
310000000000000000001
30010000000000000000000001
02001
11000001
000000001000001
10001000000001
a1000000010001
10100000000000000000000000000000000001
2100000001
1000000001000000001
310001
00000000000000001
010100001
201
10000000000000001000000000000000000000100001
200000000000000000000000000000000001
200001
024
10000010000000000000000000001
200100000001100000000001
010000100001
1000000000000000000000000000000000000000000000000000000000000000000001
0000000000000000001
12011
01100010000000000100000000000000000000000000000000001
0120001
20000200100000000000000000000000000000000000000000001
010100000000000000001
00000000000100001
4000000000000000000000000000000000000000000001
0000001
700000000000001
02
000000000000000000000100010000000000000000000000000000000000000000000000000000000000000001
01
20001
5
1130020001
01
101
11000000000000000000000000000000000000000000000000000000000000000000000000000001
1001101
101000000000000000000000000000000000000000000000000000000000000001
20001000000001
12
001000001
1000000001
0110001
4
010000000000000000000000000000000000000000000000001
01
010000001
2
01
1000000000000000000000000000000000000000000000000000000000000000001
1000000000000000000000000000000000000000000001
00001000000000000000000000000000000000000000000001
204
23010000000000100000000001
01000000000000000000000000000000000000000000000000001
200000001
040000000001
00101
0110000000001
2001010000001000000000000000000000000000000000000001
00110000000000000000000001
21
300000000000000000001
300001
11
1101000001
20102
3001
1000000000000000000000000000000000000000000000000000000000000000000000000000000001
1
11
010000100001
0100000000000000000000000001
0201000000000001
0000100000010000001000000000001
000000000000000000001
01000000000010000100000000000000000000000000000000000000000000000000000000000000000000001
2
01
010000000000000000000000000000001
21000000000000000000001
2100000000000000000000000000000000000000000000000000000000000001
11000000000000000000000000000000000000000000000000000000000000000000001
22
000001000000000000000000001
030000000000000000000000000000000001
00000100010000000000001000001
0200000001
01
200000000000000000000001
2
10000000000001000000000000000000000001000000000000001
121000000000001
000000010000001
000000000000000001
001
00000000000000000000000000000000000000001
20000000000000000000000000000000000000000000000000000000000001
4
6
0011
0000000000000000000000001
11
23000000000000000000010000000000000000000000000000000000000000000000000000001
100000000000000000000000000000000000000000001
8000200000000000000000000001
3000000000000000000001
1000000000000001
010000001
120001
0000001
1000000001
111000000000001
3000000000000000000000000000000000000000000001
202
2
0010000000000000000000000000000000000000000000000000000000000000000001
110000000000000000000000000000000000000000000000001
1000001
23
30401000000000001
101
01
01001
0001
10000001
4
0000000000000000000001
00010000000000000000000000000000000000000000000000000000000000000000001
100001
20100000000001
4
0000000000011
00000000000000000000000000000000000000000000000000000001
1
3
1000100000000000000000000000000000000001
30000300000000000000000000000000000000001
0000000000000000000001
3
51000001010000001
030000000000000000000000000000000000000000000000000000100000000000000000000000000000001
01
411
121
0031
10020001
000000000000000000000000000000000000000000000000000000000000000000000000000001
2
20000000000000000000000001
011011
0000001
0004000000101
41010000000001000000000000000000000000000000001
011
1110000000000000000000000000000000000001
10201
010000100000000001
20001
102000000000000000000000000000010000000000000000000000000000000000000000000000000000000001
11
013
1000001
01
00000000000001
000000000001
002000000010000100001
010100000001
0001
021000000000000000001
000000001
2
0000001
0000001
30100000000001
03
40000000000000012
02
01
100000000000000000000000000001
01
200000000000000000000000000000000000000000000000000000000000001
1
030000000000000000000000000001
001002
000000010010000000101
00102
00000000000000000000000000000000000000000000000000000000000000000001
20010000000001
300000000000000000000000000000000000000000000001
010000001
0210000000000001
10002
0002
200020100000000000000000000000000000000000000000000000000000000000001
11
0000000000000000000001
0010000000000000000000000000000000000000000000000000000000000000000000000000000000000000000000001
00000000000000000000000000000000000000000000000000000000000000000000000000000000000000000000000001
10100100000000100000000000000000000000000000000000000000000000000000000000000000000000001
22200000000000011
2000000000000000000000001
00000000000000000000000000001
00000010000001
51001
0100001000000000000000000100000000000000000000000000000000000000000000000000000000000000000000000001
101
10000001
0001
21000000001
20001000000000001
2
010100001
12
3
01
00001100000000000000001000000000000000000000000001
22
13
111100000000000000010000000000000000000001
0111
1
01
601
22001000000000000010000001
00000000001
11001
002000001
0000011000000001000000000000000000000000000000001
0320000000100000000000000000001
1020001
0100000000000000000000000000000000000000000000000000001
12
20241
411000000100000000000000000000000000000000000000000000000000000000000000001
000002
410000000001
1
1
000000000000011
000000000000000000000000000000000001
21001
011
1000000000000000000000000000000001
22000000000000000000000000000000000100000000000000000000000000000000000000000000000000000001
10000000000000000000000000000000000000000000000000000000000000000000000000000000000000000000001
001
00000000000000000000001
4
4001
2100000000000000000000000000000000000000000000000000000000000001
11001000000001
00000001
1100000000010000001000000000000000000001
41001
0201000000000000000000010000000000000000000000000000000000000000000000000000000000000001
22001
401000000001
0001000000000000000000000000000000000000001
0020000000000000000000000000000000000000000000010000000000000000000000000000000000000001
02020000000000010000000000001
0000000000000000000000000000001
12
100000010000000000000000000000000000000000000010000000000000000001
2
331
02
101
220000000000001
000000000000000000001
0000000000000000000000000000000000000000000000000000000001
0000000001
1
10000000000000000000000000000000000000000000000001
3000002
001001
2000000001000100000000000000000000000000000000000000000000000000000000000000000000000000000001
0100001
3
1011
0400000001
10100000000001
10000000000000000000000000000000000000000000000000000000000000000000000000001
4002
00000000000000000000000000000000000000000000000000000000000000000000000000001
12001
04
201
21010000000001
00000000001000000000000000000000000000100000000000000000000000000000000000000000000000001
2010001
011100001
04
0010000000000000000000000000000000000000000000001
11
201
220000000001
10000000000000000000000000000000000000000000000000000000000000000000000000001
400000000000000000001
020000000001
1100000000000000001
7
2100000000000001
41100000000000001000000000000000000001
00000000010000000000000000000000000000000000000000000000010001
000000001000000000000001
1000001000101001
01001
0000100001
002000100000000000002
21
2001
01
300001
0010000000000000000000000000000000000000000000000000000000000000000001
000100000000001
0001
21
20001000000000001
1
220000000001
100000000002
53
40200000000100000000000000000000001
1
001
30000000000000000000000000000000000000000000000000000000000000000000000001
1000000000000000000000000000000000000000000000000000000000001
01
1
40000001
01101
000000001100000101
111000000000001
2
61
000010000000000000000000000000000000000000000000000000001
00100000001
1100000001
1001
00000000000000000000000001
01
10001
000000000000000000000000000000000000000000000000001
010000000000000000000000000000000000000000000000000000000000000000000000000000000001
110100001
0110000000000000000000000000000000000000000001
1
1
0010001
2
5000000000000001
00000010000000000000000000001
0010000000000000000000000000000000000000000000000000000001
001
00000000000000000000000001100000000000000001
00000001
000010001
2
1001
000000001
0000000010000000000000000000000001
41
31100000000000001000000000000000000000000000000000000000001
510000010101
311
0001001
00001
00200100000000001000000001
5000000001
23
110101
3010000010100000001
7
2
000010000000000000001
00000000000000000000000000000000001
0000000000000101
11011
000000000000000000000000000000000000000000000001
30000100000000010000000000000000000000000000000000000000000000000001
100001
0000013001
1001
2
11
1102
02000000000000000000000000000000000000000000000001
001
001
101000000000000000000000000000000000000000001
000000000000000000000000001
1
000200001
1
2000100000000000001
100111
00000000000000000000000001
000000001
3000001
01
2001
010001
010000001
2
00010000001
0000000000000000000000000000000000000000001
100000001001
1101001
3
01010000000000000000001
20001
200000010001
00010000000000000000000000000000000001
501
00101
110100001
0000000001
100000000010000000100000000000000000000000000000000000000000000000000000000001
010001
14
20001001
010000000000000000000000000001
000001
001
0000000000010000000000000010000000000000000000000000000000000000000000000000000001
010011000000000002
07
1
3
1000001
11001
151201
000000000000001
2010001
2001
01000100001
1
100000000001
00000000000000000100100000000000000000000000000000000000000000000001
10000000000000000000000000000000001
0200000000000001
22
100010001
0011001
0000000101
00022101
00001100100000000000000000000000000000000000000000000000000000000000000000000000000001
10000000000000000000000000000000000000000000000000000000000000000000000000001
402
01
2000000000000000000000001
a2100000001
000000000000000000000000000000000000000000000000000000000000000000001
1111
0000000000001
02
020000000000000000000000000000001
10010001
000100001
3000100000000000000001000000000000000000000001
1
12
02
201
101
00001
3000300000000000000000000000001
11000000000000001
00000000000000100000000010000000000000000000000000000000000001
004
0002
0002
0010000001
00000001
400000000000000000001
10000000000001
031
21
2000000000000001
0000000000000000000000001
211001
003100000010001
0000000000000000001
0002
1301
0000001
12001
01
000002000100000000000000000000000000000000000000000001
01
200001
01
22
00000000001000000000000001000000000000000000000000000000000000000000000000001
0100000000001
1000000000000000000000000000000000000000000000000000000000000000000000000001
1
22000110000000000000000000000000001
000000000000010000000100000000000000000000000000000000000000000000001
20000001
2
11002000000101
01000000100000000000100000000000000000000000000001
1023000000000000001
0000000000000000000000000000000000000000000000000000001
002000000020001
110101
2000000000000001
00010000000001
001000000001
5310000000000000000000000000000000000000000000000000001
011
1000000010000010000000000000000000000000000000000000000000000000000000000000000000000000000000001
911011
2
11
00010000001
03010100000000000000000000000000000000000000000000000000000000000000000000000000000001
2000000000000000000000000000000000001
2200000000000000000000000000000000001000001
000001
0100120000000000000000000000000000000000001
2
000000100000000000000000000000000000000100000000000000000000000000000001
111000000000000000000000000000000001000000000000001
001001
0000001000000000000000000000000000000000000000000001001
01
1
0101
0000000000000000000000000000000000001
01
0000000000000000000000001
0100000000000000000000001
011000101000000000000000000000000000001
1102
01
10200000001
10000000000000000000000000000000000000001
4000000000000000000000001
11
00001
21
21
0000000001000000000000000000000100000000000000000001
2000000000000001
0000000000000000000000000000000000000000000000000000000001
00000001
310000001
1000000000000000000000000000000001
10000000001
02010001
001
3200002000001
0000000000000000000000000000000000000000000000000000000000000000000000000000000001
10001
11
2000000000000000000000000000000000000000000000000000000000000001
000001
10000030000000000000001
001000001000000000000101
2000000000000000000000000000000000000000000000001
210001
01
10000100001
0100010001
211001
00100000001
0102010000000000000000000000000000000000000000000000000000000000000000000000001
1
100010000000000000000000000100000000000000000000000000000000000001
20000100000000000000000000001001
1
1000000000000000001
10000000001
00000000001
0301
00000000000001
0000100000000001
001000001
0000000000000000000000000000000000000000000000000000000000000000000000001
0100000000000001
00011
0001
3
20101
100000000100000000000010000000001
0101
1003
10000000000000000000000001
3011
0001
1
300000000000000000000001
000100001000010000000001
0000001
10000001
1100001
00000000000000000000000000000000001
0000000000000000000000000000000000000000000000000000000000000000000000000000000000000001
411
1
010000000000000000000000000001
101
041
321000100000000000000001
101001
01000000000000000000000000000000000000000000000000000000001
0003
1020000000000001000000000000000000000000000001
1000000001
0101
012
41
0000000000000001
10000001000000000000100000000000000000001
100000000000000000000000000000000000000000000000000000000000000000000000000000000001
000001
30101
01001000000000100000000000000000000000000000000000000000000000001
00000000000000000000000000000000000000000000001
1001000000000001
13
0100000000000000000000000000000000001
61000000010000000000001
03000001
11
020000000000001
21
0001
44001000001
300000000000000000000000000010000000000000000000000000000000000000000000000000000000000000000001
00000000000001
12000000000000000000000000000100000000000000001
01001
0100000000000000000000000000000000000000000000000000000000000000000010000000001
2
001
010000001
1
000100010000100000001
20010001
11000000000001
13200000000000000000000000000000000000000000000000000000001
0140000000000000000000000000000000000000000001
1211
13
102
00000000000000000000000000000000000000000000000000000000000000000000000000000000001
01
1
11100000000000000000100000000000001
2
110000000000000000000000000000000000000000000001001
3
0002
011
4
10000000000000000000000001
021
120000001
0110000001
1100000000000000000000000000000000000000100000000001
0202
00000000000000000000000000000000000000000001
0000000000001
2001
00010000000000000000000000000001000000000000000000000001
230003
10011
03
200001
02
11001
2001
20100000001000000000000000000000000000000000000000000000000000001
210001
11000000000000000000000100000000000000000000000000000000000000000000001
021
003
1100000000000000000000000010000000000000000000000000000001
011
0110001
02
21
00000000000000000000000000000000000000001
1010000000010000000000000000000000000000000000000000000000000000000000000000001
22
100020002
1
012
1
0001
13
001
1000000001
0000001
5
211
11
001010010000001
30101000000000000000000000001
21
520000000000000000000000000001
101
2
21
1100000100000000000000000001
02200000001
140000000001
300000000000000000000001