4 2 -10 1 -6 -8
2 2 0 1 -2 -9
-2 -6 3 -3 -10 6
-6 -10 7 -7 -8 48
-4 4 -3 -10 7 4
5 -9 -8 2 9 -82
0 -8 -1 6 -1 6
-7 8 -1 2 1 2
-10 -6 5 1 -1 5
-5 7 8 2 4 -9
9 9 -1 -9 -9 -10
-8 5 -4 2 5 -6
-1 3 7 4 0 -4
4 3 -9 -1 -8 -10
9 3 -7 -7 -9 -6
5 -9 6 -1 2 0
2 3 -7 -3 -9 -9
-2 -2 1 6 -2 5
-2 -9 -6 4 3 9
4 3 9 -2 6 -54
-5 -3 -6 3 8 4
5 -1 6 -8 6 -7
-6 4 -3 5 5 -4
-5 -7 3 -8 -8 6
-7 -5 -8 7 7 1
-5 2 -2 7 -9 1
-5 -4 -3 3 1 0
-10 9 6 4 -9 -3
-4 -10 6 -7 -1 -1
1 -3 -1 -10 -1 1
-1 5 6 -3 2 -5
1 7 -5 -4 1 -4
5 2 0 -4 -3 -1
7 7 5 1 -8 55
-9 0 5 -4 6 6
2 2 -4 -4 0 0
-3 -10 -5 -1 0 -9
3 -7 -9 -3 1 8
-7 -10 5 -4 7 26
-5 4 1 -5 6 0
6 6 -6 1 -1 8
-1 8 -7 -7 7 -10
2 -1 -7 -3 0 -4
6 6 -9 -5 -3 2
5 -8 2 6 -7 34
7 7 -9 -2 8 4
-6 -3 -1 2 -3 4
0 -1 2 -5 0 4
-2 1 9 -3 1 9
0 -2 -7 -1 -5 -31
-3 5 -5 -6 5 1
-1 -8 4 7 8 9
-9 0 5 4 9 3
-2 1 -1 -8 -2 -10
6 7 3 -8 1 1
-3 8 -1 7 4 39
-5 -2 7 -10 -2 -3
-5 -5 -2 9 4 -10
5 -3 8 4 -6 -7
5 4 -7 3 -6 -1
8 -9 4 -2 1 -7
-8 6 -1 -2 -1 -1
-5 6 -6 -3 3 -10
1 -7 -4 -10 -9 -5
-2 7 8 -5 -1 -9
8 7 -8 -6 0 -6
-5 -7 -4 -9 9 9
-2 5 -1 -9 9 -1
5 9 7 -10 9 -2
1 -9 -8 -4 2 8
-9 -7 5 0 -7 25
4 7 6 2 7 46
4 -4 -6 2 -10 -8
-8 9 5 -7 -1 11
-1 1 -4 0 8 19
-6 -6 -4 0 3 -10
-8 5 1 -2 9 -58
-4 -5 7 5 2 -6
-6 -6 -2 5 6 -8
-4 -4 0 1 -5 2
-2 -2 -10 9 -6 59
5 -10 -5 4 8 25
-7 6 -5 5 0 7
-5 -4 -1 -9 2 0
-3 -9 9 6 1 -2
-5 5 -1 -2 9 -2
-2 7 5 -9 0 6
-1 -7 -4 2 -3 3
-8 -1 9 -6 -2 5
-9 1 8 2 -5 -22
7 5 -2 9 0 -2
-10 -8 -4 3 -7 48
-8 4 -7 9 -4 8
-6 -4 7 -5 -5 6
6 -1 2 -3 -2 1
-7 4 -2 4 -9 4
7 7 6 -2 -4 -4
3 -8 -7 -9 7 3
-9 -10 -5 -9 -5 -2
4 4 2 3 -9 -7
