21 34 42 32 24 15 
43 15 33 43 24 15 
42 34 12 34 44 54 
52 55 34 42 13 11 
55 52 54 25 31 15 
45 32 34 52 33 11 
24 15 14 33 11 25 
22 31 34 12 11 31 
11 12 11 25 45 43 
12 42 11 32 25 24 
15 21 15 25 44 54 
24 33 33 54 13 23 
32 11 43 55 54 33 
13 55 11 43 24 15 
12 11 42 14 55 34 
35 42 34 43 44 15 
14 11 33 54 13 23 
35 15 52 33 54 32 
31 24 13 55 12 54 
14 34 14 11 24 15 
52 54 33 24 25 45 
14 42 45 22 24 15 
52 54 25 34 33 11 
25 34 33 24 15 13 
45 33 24 51 11 13 
13 55 11 43 15 32 
43 35 15 42 42 54 
43 15 42 24 15 43 
11 33 22 31 24 24 
55 24 32 33 15 24 
35 34 31 43 13 15 
43 44 42 15 31 11 
31 11 44 11 13 23 
44 11 25 24 13 23 
33 11 55 52 24 15 
45 33 24 43 54 43 
25 34 43 55 44 54 
21 45 22 11 25 45 
22 21 31 34 35 43 
35 34 22 34 14 54 
31 24 13 55 12 11 
35 34 14 11 24 15 
32 24 15 42 55 54 
44 15 43 44 15 32 
32 15 44 34 14 54 
22 11 45 43 43 11 
52 54 33 24 25 24 
52 54 32 11 22 11 
15 44 11 35 24 15 
43 55 54 12 25 34 
24 15 14 54 33 11 
35 34 42 13 24 24 
32 34 14 15 31 24 
11 25 13 54 55 54 
43 25 11 42 12 45 
43 35 42 11 52 11 
32 15 44 34 14 11 
35 42 34 43 44 11 
24 33 33 15 22 34 
34 43 55 45 43 44 
14 11 33 15 22 34 
55 11 25 45 35 54 
35 24 31 33 15 24 
45 52 11 14 55 15 
35 15 52 24 15 33 
21 24 42 32 24 15 
42 11 14 55 24 15 
55 32 24 11 33 54 
42 55 11 14 25 34 
13 23 34 14 55 24 
55 14 42 11 14 54 
24 11 25 24 15 24 
15 14 52 11 42 14 
11 32 11 55 34 33 
52 54 52 24 11 14 
14 34 12 42 15 24 
14 42 34 14 55 15 
34 35 24 33 24 24 
52 24 15 42 55 54 
35 42 11 43 24 15 
45 55 33 11 24 15 
44 42 45 32 35 11 
31 45 14 55 24 15 
44 45 32 45 31 44 
44 42 45 14 33 34 
22 34 34 22 31 15 
35 42 55 15 14 15 
13 23 52 11 31 24 
43 44 11 33 24 15 
25 11 32 15 42 54 
43 54 43 44 15 32 
35 34 42 44 11 31 
43 15 42 52 24 43 
13 15 31 24 33 15 
35 34 32 34 13 54 
52 54 33 24 25 11 
13 23 52 24 31 24 
12 34 52 24 15 32 
45 21 11 33 24 15 
32 54 43 55 15 25
