10 43 157 79 103 176 168 212 180 247 196 269 73 227 54 203 51 150 56 70 36
7 105 186 192 105 281 136 298 96 267 96 179 26 109 56
7 57 146 151 135 253 139 233 59 159 70 134 19 70 5
9 77 199 105 181 189 181 235 157 261 189 290 33 197 7 88 43 55 3
9 78 114 138 141 174 168 213 122 283 111 286 3 182 42 124 97 72 10
9 99 134 129 198 219 150 275 160 294 64 233 37 185 72 112 40 75 22
6 97 148 118 163 221 159 237 38 128 63 54 18
11 35 171 58 116 86 197 154 143 248 116 274 162 296 109 239 62 193 72 106 68 25 37
12 43 169 144 136 170 184 202 199 222 188 242 195 300 169 262 99 240 0 165 26 114 73 47 21
6 85 111 186 166 261 134 235 75 149 90 103 68
7 40 118 129 168 181 157 287 193 277 69 173 88 83 45
9 65 169 129 110 158 169 191 126 217 134 272 132 234 14 153 7 65 49
6 33 135 141 132 226 152 279 33 215 79 106 35
7 71 114 175 105 274 172 291 68 221 49 119 80 48 56
10 62 193 151 118 250 141 295 166 260 63 232 73 166 9 102 32 74 28 41 84
8 21 118 106 173 208 143 253 120 278 64 183 15 135 86 58 79
7 80 178 151 127 250 193 296 75 205 78 127 9 93 70
11 24 118 80 118 107 130 193 116 231 112 269 83 249 4 149 10 120 77 90 6 31 40
8 64 138 138 106 213 103 293 160 268 57 232 22 156 50 48 15
8 46 127 112 185 184 198 226 130 283 65 186 30 109 59 82 71
6 103 148 197 171 262 157 230 43 140 62 38 3
7 109 110 142 101 179 182 218 172 236 8 178 43 88 60
7 42 137 98 108 186 193 274 124 265 19 162 97 80 7
8 33 131 122 168 159 134 250 151 254 8 200 42 92 22 29 41
7 76 168 147 169 204 186 280 6 174 83 143 19 102 96
9 66 172 139 184 173 159 204 191 283 50 200 72 179 39 86 20 62 29
7 28 101 105 135 180 102 225 160 251 53 150 89 56 90
7 90 107 144 147 211 178 263 101 275 22 171 27 72 16
8 90 147 162 193 234 132 295 101 218 17 116 55 61 2 39 10
9 77 110 146 172 229 187 282 110 261 78 177 57 152 60 122 43 83 72
10 62 116 109 121 129 137 194 184 290 142 282 65 233 61 160 30 113 72 93 1
9 20 111 83 122 111 100 132 156 154 141 254 154 230 94 128 80 46 63
8 64 163 141 177 165 186 248 150 281 51 178 76 135 1 43 8
7 59 137 125 197 218 195 215 74 167 47 129 69 21 81
10 105 196 149 155 186 108 214 177 261 165 251 21 150 92 125 42 60 42 31 3
7 50 116 120 161 187 128 281 162 251 14 164 64 76 77
10 40 132 128 100 168 106 188 158 234 161 262 84 221 33 180 97 83 27 37 24
9 78 174 109 170 189 108 250 139 300 2 219 35 157 92 66 79 30 81
10 22 101 55 142 79 175 171 158 225 112 264 102 296 90 224 80 131 68 80 96
9 66 117 109 162 182 176 286 172 290 33 232 63 183 29 91 60 28 13
10 57 192 142 135 222 109 245 155 257 94 212 31 148 23 113 23 63 61 24 4
9 94 171 126 179 157 186 231 153 261 166 267 86 219 45 140 7 82 18
11 32 195 94 116 124 140 179 148 214 194 296 118 279 15 246 64 194 17 163 27 57 50
11 48 103 70 102 132 118 229 136 255 161 293 92 264 48 213 60 185 53 98 36 71 48
11 23 111 51 103 74 192 147 140 208 124 237 171 289 68 252 88 193 18 136 70 67 57
9 61 182 139 151 159 118 226 179 279 199 272 96 235 37 154 21 71 70
6 39 121 140 153 206 101 235 9 148 33 39 14
9 51 173 103 107 170 149 200 107 260 116 280 2 189 11 132 75 42 55
9 61 190 88 152 152 156 231 175 291 188 273 61 190 38 88 77 55 2
7 103 167 168 113 211 192 291 29 182 54 140 54 67 95
7 106 100 208 117 292 36 224 95 182 69 112 71 64 81
12 106 137 171 165 196 182 230 165 260 161 282 197 297 16 271 2 203 37 164 24 103 27 71 42
8 32 167 114 125 222 181 274 143 233 0 189 79 127 80 64 77
8 44 182 112 194 200 137 282 104 295 8 247 56 145 22 94 25
8 67 119 167 125 248 132 232 49 201 96 160 63 138 1 40 97
8 109 112 198 159 243 173 275 95 247 97 219 24 115 72 91 75
8 44 173 121 138 181 149 247 117 275 62 202 30 127 25 67 41
8 81 142 102 195 199 184 283 149 274 76 176 41 133 20 86 59
8 106 180 210 113 276 165 280 17 221 83 144 63 124 76 54 56
8 35 112 128 112 170 189 198 160 238 117 221 48 146 3 92 72
8 73 155 162 148 254 108 281 129 295 18 261 47 155 86 106 34
8 70 148 100 176 176 155 215 155 267 141 259 49 186 59 96 10
9 71 172 146 175 184 143 259 110 299 165 212 21 141 86 96 88 28 39
12 61 187 103 118 132 109 225 141 249 111 293 195 280 48 241 80 219 50 113 60 90 11 42 17
6 63 198 144 133 242 121 223 98 136 0 66 26
9 48 153 103 191 207 131 237 173 276 41 204 40 159 37 107 71 86 75
10 47 170 97 178 123 135 220 127 296 31 246 40 169 97 137 45 63 86 31 86
9 41 108 86 189 166 104 259 110 300 99 269 59 173 57 116 85 45 18
8 24 134 124 180 204 150 238 104 298 181 246 18 151 21 75 24
8 76 160 156 143 251 125 287 133 251 18 226 38 136 50 93 1
8 39 124 80 186 180 185 254 136 289 95 232 32 158 38 61 38
10 40 122 83 113 181 180 210 127 290 167 283 28 257 2 164 72 77 0 28 30
9 64 167 95 156 186 187 293 100 274 69 243 9 193 67 170 13 95 85
11 58 159 128 106 182 194 243 158 278 175 296 45 273 94 249 58 190 68 92 8 20 12
8 105 192 194 172 247 101 296 182 253 90 231 79 167 8 99 80
8 94 131 140 114 206 180 227 147 281 199 300 6 211 8 106 60
8 107 143 155 157 180 135 237 143 293 124 201 71 156 74 48 51
13 24 132 60 104 107 189 149 106 192 135 213 110 236 139 297 148 272 56 185 5 165 28 133 94 87 41
8 35 143 132 100 241 191 257 6 175 93 150 5 105 87 48 21
9 58 183 131 171 178 149 235 113 300 96 224 10 203 62 112 5 62 24
9 101 191 193 187 255 117 288 126 248 53 199 82 153 78 87 70 48 42
9 31 128 59 199 155 187 183 121 224 104 289 147 219 78 156 25 72 39
8 105 165 190 150 255 137 263 71 211 27 185 14 112 91 62 49
8 43 155 139 179 242 164 265 130 294 10 229 46 181 48 78 48
10 33 140 130 143 165 105 207 198 263 106 289 112 252 0 201 17 115 10 49 69
10 31 197 122 157 218 160 252 162 293 156 215 76 166 70 98 2 55 44 26 97
7 75 123 162 179 265 168 235 59 161 40 108 39 34 33
7 67 179 105 133 210 189 281 94 201 25 111 35 89 82
7 40 164 65 196 140 153 169 197 247 162 204 60 99 23
10 22 185 46 103 147 163 198 153 249 74 207 88 163 81 120 21 74 49 48 67
8 60 119 90 130 164 161 263 168 272 60 182 22 121 58 75 47
8 81 150 165 175 185 175 268 138 288 79 237 66 161 62 72 34
9 61 181 104 120 125 125 176 188 279 169 261 91 158 73 101 81 70 97
8 80 145 123 131 200 138 296 117 218 25 188 87 141 14 103 94
9 46 199 125 147 211 156 264 133 298 107 257 87 171 82 138 34 102 49
8 45 177 125 109 205 161 277 161 249 1 176 16 153 39 58 77
7 29 170 138 167 239 187 270 175 268 97 204 59 108 2
10 53 193 117 101 154 181 222 198 270 132 298 150 298 23 235 13 148 3 68 44
9 20 148 112 113 140 127 189 119 265 101 287 9 184 5 148 51 106 95
9 31 190 120 104 194 106 294 21 272 26 200 46 178 69 118 33 78 5

